"Christian Eriksen",0,1,0,3,1,5,0,0,2,0,2,5,1
"Danny Rose",2,0,1,0,10,3,12,0,0,0,2,5,4
"Dele Alli",0,1,0,1,1,1,1,0,0,0,0,0,1
"Eric Dier",4,4,0,0,6,2,4,0,1,2,3,6,2
"Erik Lamela",2,8,4,4,0,3,3,0,2,0,0,3,2
"Harry Kane",1,4,2,3,2,0,2,0,1,0,0,1,2
"Jan Vertonghen",2,10,0,5,1,1,0,0,0,7,10,10,0
"Josh Onomah",0,0,1,0,0,0,0,0,0,0,0,0,0
"Kyle Walker",3,1,0,4,1,2,3,0,0,2,2,7,2
"Michel Vorm",1,1,0,1,0,1,4,1,2,0,1,0,1
"Toby Alderweireld",2,1,0,5,2,1,11,0,5,1,0,3,2
"Victor Wanyama",4,5,0,7,3,1,5,0,10,1,6,0,3
"Vincent Janssen",2,0,0,1,6,2,1,0,0,0,1,3,0
