"Aaron Ramsey",0,3,2,1,2,2,1,1,5,9,0,1,1,0
"Alex Oxlade-Chamberlain",3,0,0,0,3,1,2,3,2,6,2,2,0,0
"Alexis Sánchez",2,0,0,1,0,1,0,2,1,9,2,2,0,0
"Danny Welbeck",0,1,1,0,0,0,0,0,0,0,1,0,0,0
"Gabriel",4,1,0,0,0,4,0,1,0,0,1,0,1,0
"Granit Xhaka",3,2,1,0,4,0,0,3,4,1,5,0,2,0
"Héctor Bellerín",0,2,0,0,0,0,0,0,3,4,2,0,1,0
"Kieran Gibbs",3,1,12,0,0,7,0,0,0,2,9,6,0,0
"Laurent Koscielny",4,1,1,0,1,2,2,1,0,5,12,1,2,0
"Mesut Özil",5,5,5,0,0,3,3,2,3,0,1,1,0,1
"Nacho Monreal",2,3,4,1,1,1,0,17,6,0,0,0,2,0
"Olivier Giroud",3,1,2,0,0,3,0,3,1,1,1,0,0,0
"Petr Cech",0,0,1,0,1,0,0,1,0,0,1,4,0,0
"Theo Walcott",0,0,1,0,0,0,1,0,0,0,0,0,0,0
