"Aaron Cresswell",0,2,2,6,7,1,7,0,1,4,5,2,0,3
"André Ayew",0,0,1,0,0,0,3,0,3,0,4,1,0,1
"Andy Carroll",1,2,0,0,0,0,1,0,0,0,3,6,1,2
"Angelo Ogbonna",12,3,5,0,2,5,4,2,1,5,4,2,0,6
"Cheikhou Kouyaté",4,1,1,2,0,1,2,0,2,3,2,1,1,1
"Darren Randolph",0,1,5,1,0,0,0,0,0,0,0,0,0,3
"Dimitri Payet",0,1,3,2,3,1,0,2,4,2,3,2,3,1
"Edimilson Fernandes",0,0,1,0,0,0,0,0,2,1,0,0,1,0
"Håvard Nordtveit",2,1,6,2,4,3,2,1,0,4,7,1,4,12
"Manuel Lanzini",8,0,1,3,0,0,7,0,3,0,0,0,1,1
"Mark Noble",2,3,2,7,1,0,3,0,6,0,0,2,0,3
"Michail Antonio",1,1,4,1,1,0,4,0,3,1,2,0,0,0
"Sofiane Feghouli",0,0,0,1,0,0,1,0,1,1,0,0,0,1
"Winston Reid",3,2,0,12,2,1,4,0,13,0,1,0,1,0
