"Abdoulaye Doucouré",0,1,0,2,3,0,2,2,0,1,0,1,6,0
"Adrian Mariappa",2,0,0,0,6,3,0,1,0,1,2,0,2,0
"Christian Kabasele",0,0,0,0,0,0,0,1,0,0,0,0,0,0
"Craig Cathcart",1,3,0,0,1,6,1,7,1,0,0,0,1,0
"Daryl Janmaat",0,2,0,1,0,2,3,1,1,1,1,6,1,1
"Heurelho Gomes",0,3,0,1,0,0,3,0,0,0,1,1,0,0
"Isaac Success",4,1,0,1,3,0,0,0,2,1,2,1,4,0
"José Holebas",4,1,0,6,1,0,4,0,3,6,3,5,5,1
"Juan Zuñiga",0,1,1,2,0,0,1,3,0,2,0,1,2,2
"M'Baye Niang",2,0,0,0,1,0,1,5,2,0,3,2,1,1
"Nordin Amrabat",3,3,0,2,1,1,1,2,0,1,0,1,3,0
"Stefano Okaka",0,0,0,0,0,0,2,1,0,3,0,0,5,0
"Tom Cleverley",3,3,0,5,4,0,1,3,1,2,4,4,0,1
"Troy Deeney",0,0,0,0,2,0,0,1,2,0,0,0,1,0
