"Adam Clayton",0,2,1,0,1,1,2,1,1,7,1,3,0
"Adam Forshaw",1,0,1,0,0,1,0,0,0,1,0,2,0
"Adama Traoré",2,1,0,2,1,1,0,0,1,0,1,0,0
"Álvaro Negredo",4,0,2,0,0,0,1,1,0,1,1,2,0
"Antonio Barragán",0,0,5,2,0,2,1,0,0,0,3,2,0
"Ben Gibson",3,0,1,2,1,0,4,4,1,3,5,3,9
"Bernardo Espinosa",1,0,1,0,1,6,0,0,0,2,2,1,3
"Fabio",2,0,0,0,0,4,0,0,2,4,0,5,1
"Gastón Ramírez",0,0,2,0,1,3,0,0,0,2,0,3,0
"Marten de Roon",3,1,2,3,1,6,6,4,6,0,1,2,3
"Rudy Gestede",0,1,1,2,0,0,0,0,0,1,0,1,0
"Stewart Downing",4,2,0,0,0,4,2,4,1,7,2,0,2
"Víctor Valdés",1,1,0,2,1,1,0,0,0,0,6,1,0
