"Adlène Guédioura",0,0,3,4,0,0,4,0,0,9,0,4,4,0
"Ben Watson",0,0,1,1,0,0,0,0,0,0,0,1,0,0
"Craig Cathcart",2,1,0,0,3,0,1,0,2,2,0,3,0,1
"Etienne Capoue",4,1,2,0,0,0,5,1,0,1,3,2,2,1
"Heurelho Gomes",2,0,1,0,0,0,0,0,0,0,3,2,4,0
"Ikechi Anya",0,0,0,0,0,0,0,0,0,0,0,0,0,0
"José Holebas",4,1,1,8,0,0,0,0,4,1,0,0,3,0
"Juan Zuñiga",0,0,0,0,0,0,0,0,0,2,0,0,0,0
"Miguel Britos",1,0,1,2,3,0,6,0,0,0,1,2,0,1
"Nordin Amrabat",5,0,5,3,0,0,0,1,0,0,2,1,1,1
"Odion Ighalo",5,0,1,1,0,0,2,0,0,0,0,0,5,0
"Sebastian Prödl",2,1,2,1,2,0,1,0,3,0,0,0,2,0
"Troy Deeney",5,0,0,2,0,1,2,0,1,0,3,0,0,0
"Valon Behrami",2,0,0,3,0,0,2,0,0,0,0,1,0,0
