"Ander Herrera",0,5,16,7,1,1,6,13,2,5,0,4,6,3
"Anthony Martial",4,0,0,2,8,0,0,4,0,1,0,0,3,5
"Antonio Valencia",13,0,0,0,0,1,7,5,1,11,0,3,4,2
"Chris Smalling",5,3,0,0,4,4,7,1,0,0,0,0,7,2
"Daley Blind",1,8,0,4,0,1,0,5,0,0,1,0,8,5
"David de Gea",0,0,0,1,2,0,1,0,0,0,0,1,1,1
"Eric Bailly",6,0,5,3,2,5,0,1,0,2,0,0,11,0
"Henrikh Mkhitaryan",12,6,4,1,2,0,1,0,0,8,0,2,8,5
"Jesse Lingard",2,0,1,0,0,0,0,0,0,0,0,0,2,0
"Juan Mata",5,1,6,0,2,0,2,4,0,0,0,0,8,0
"Marcus Rashford",2,0,0,0,0,0,0,0,0,0,0,1,2,1
"Marouane Fellaini",2,0,1,1,1,0,0,4,1,0,0,0,6,0
"Paul Pogba",12,4,6,6,11,1,4,9,1,1,5,0,0,14
"Zlatan Ibrahimovic",4,3,3,1,2,0,1,7,0,2,0,0,2,0
