"Adam Clayton",0,5,1,5,0,6,3,1,0,3,6,1,3
"Adam Forshaw",4,0,1,1,1,3,3,2,1,1,4,0,5
"Álvaro Negredo",2,1,0,0,0,1,1,0,0,0,2,0,1
"Ben Gibson",4,2,4,0,2,2,1,2,0,4,1,0,3
"Brad Guzan",0,0,2,0,0,0,0,0,1,0,0,0,0
"Calum Chambers",1,0,1,2,1,0,5,4,1,1,1,0,2
"Cristhian Stuani",3,2,0,0,0,3,0,1,4,0,5,2,1
"Daniel Ayala",2,0,1,2,5,0,0,0,0,3,0,0,1
"Fabio",0,1,1,1,1,0,5,0,0,0,0,2,0
"George Friend",8,3,4,4,1,0,0,0,0,0,4,1,9
"Marten de Roon",2,3,0,2,0,0,5,1,1,4,0,0,4
"Rudy Gestede",0,2,0,0,0,0,2,0,2,0,3,0,1
"Stewart Downing",4,6,1,2,0,1,1,0,1,7,0,2,0
