"Adam Smith",0,1,0,2,0,0,1,0,3,0,0,0,0
"Andrew Surman",0,0,0,0,1,1,0,0,1,1,0,2,1
"Artur Boruc",0,0,0,0,0,0,1,2,1,0,0,3,1
"Callum Wilson",0,2,0,0,0,2,1,0,5,0,1,2,0
"Charlie Daniels",0,1,0,1,0,3,7,2,2,6,3,1,1
"Dan Gosling",0,0,0,1,3,0,4,5,4,2,1,3,1
"Harry Arter",3,2,1,1,9,3,0,1,2,7,0,2,1
"Joshua King",0,0,1,1,0,3,3,0,4,0,3,0,1
"Junior Stanislas",2,1,0,3,5,2,1,2,0,0,0,7,1
"Nathan Aké",0,0,4,0,6,2,6,0,0,0,0,2,7
"Ryan Fraser",0,0,0,2,5,1,1,0,0,0,0,0,0
"Simon Francis",3,1,2,1,0,3,1,2,4,1,1,0,8
"Steve Cook",0,0,4,1,1,2,0,1,2,3,0,5,0
