"Ander Herrera",0,0,6,4,0,0,0,0,1,0,1,3,1,1
"Anthony Martial",0,0,1,0,0,0,0,0,0,0,0,1,0,0
"Antonio Valencia",1,3,0,2,3,3,5,0,0,0,6,1,4,1
"Daley Blind",2,0,1,0,2,3,0,2,4,3,6,3,1,0
"David de Gea",0,0,0,2,0,1,0,0,0,1,1,2,0,2
"Eric Bailly",4,0,3,2,3,0,1,1,1,1,2,2,0,0
"Henrikh Mkhitaryan",0,0,3,0,0,1,0,0,0,0,4,1,4,0
"Jesse Lingard",0,0,0,1,0,0,0,0,0,0,1,3,0,2
"Luke Shaw",0,0,0,4,0,0,0,1,0,5,3,4,1,1
"Marcus Rashford",2,0,0,0,0,0,0,0,3,0,0,2,1,2
"Marouane Fellaini",3,0,5,1,0,5,3,0,3,1,0,3,3,1
"Paul Pogba",3,0,1,3,0,1,1,4,4,0,3,0,1,3
"Wayne Rooney",2,0,5,1,0,0,1,1,1,0,6,3,0,1
"Zlatan Ibrahimovic",0,1,0,1,0,0,1,1,0,0,1,2,5,0
