"Alfie Mawson",0,3,0,1,0,0,1,1,1,0,2,3,2
"Federico Fernández",3,0,2,1,0,0,10,7,2,0,3,1,3
"Fernando Llorente",0,1,0,5,0,0,0,2,3,0,0,3,1
"Gylfi Sigurdsson",0,1,1,0,0,2,5,3,0,0,0,1,2
"Jack Cork",0,0,0,0,0,0,1,0,0,0,0,1,0
"Jordan Ayew",0,1,0,1,0,0,1,2,1,1,0,0,3
"Ki Sung-yueng",2,5,1,3,1,0,0,11,0,0,1,2,6
"Kyle Naughton",0,5,6,4,1,1,8,0,2,1,0,0,1
"Leon Britton",0,6,1,1,0,2,3,1,0,0,0,3,2
"Leroy Fer",0,0,0,0,1,0,0,1,0,0,0,0,1
"Lukasz Fabianski",2,4,2,0,0,0,0,1,1,0,0,0,0
"Martin Olsson",1,1,5,3,0,3,1,0,1,0,2,0,8
"Tom Carroll",3,2,5,1,0,2,5,0,3,0,1,8,0
