"Ander Herrera",0,10,0,2,2,4,9,2,4,3,1,12,7,5
"Ashley Young",10,0,0,0,5,0,7,0,3,1,0,5,1,1
"Daley Blind",3,0,0,0,1,0,2,0,3,5,4,7,0,6
"David de Gea",1,0,0,0,2,0,0,2,3,0,0,0,0,0
"Eric Bailly",9,4,2,1,0,1,1,1,8,0,0,7,2,0
"Henrikh Mkhitaryan",5,0,0,0,1,0,0,5,1,3,0,0,2,2
"Jesse Lingard",12,3,3,0,3,0,0,2,3,2,2,6,2,2
"Luke Shaw",0,0,0,0,0,5,0,0,1,3,1,0,8,1
"Marcos Rojo",4,2,4,2,2,3,4,1,0,1,4,7,3,2
"Marcus Rashford",1,0,5,1,0,4,4,0,0,0,3,1,3,2
"Marouane Fellaini",3,0,3,0,2,1,5,0,3,1,0,2,2,4
"Michael Carrick",4,8,7,2,4,0,8,0,2,3,12,0,2,5
"Paul Pogba",6,0,0,0,2,3,1,8,0,1,1,5,0,5
"Zlatan Ibrahimovic",3,0,4,0,0,1,2,0,0,2,5,2,2,0
