"Bruno Martins Indi",0,8,2,0,0,1,1,0,3,0,2,1,2,0
"Erik Pieters",3,0,2,0,0,0,9,3,5,0,0,6,0,0
"Geoff Cameron",1,1,0,0,1,0,4,0,1,3,4,1,0,0
"Giannelli Imbula",0,0,0,0,0,0,0,0,0,0,0,1,0,0
"Glenn Whelan",0,0,0,0,0,1,0,0,0,0,2,0,1,0
"Ibrahim Afellay",0,1,2,0,1,0,2,0,0,0,1,1,0,0
"Joe Allen",0,6,8,0,0,1,0,0,1,1,5,5,2,2
"Jonathan Walters",1,1,0,0,1,3,4,0,0,2,1,2,0,3
"Lee Grant",2,1,0,0,0,0,0,2,0,0,0,0,0,0
"Mame Biram Diouf",1,0,0,0,0,0,1,0,0,0,1,0,0,1
"Phil Bardsley",1,1,3,0,1,2,3,7,3,5,0,0,3,1
"Ramadan Sobhi",1,7,3,1,1,0,2,1,0,0,0,0,0,2
"Ryan Shawcross",2,0,0,0,0,1,0,1,3,2,0,0,0,0
"Saido Berahino",0,0,0,0,0,1,1,3,0,0,3,3,0,0
