"Adnan Januzaj",0,0,0,0,0,3,1,0,0,0,0,2,0,0
"Billy Jones",0,0,0,2,1,2,1,0,0,3,0,0,0,0
"Donald Love",0,0,0,1,0,3,0,1,0,1,0,0,2,0
"Fabio Borini",0,3,1,0,2,2,1,0,0,2,0,1,0,0
"Jan Kirchhoff",0,0,0,1,0,3,0,0,0,2,3,5,0,0
"Jason Denayer",1,0,3,2,4,0,1,2,2,4,4,2,3,0
"Jermain Defoe",0,1,0,0,0,0,0,1,0,1,0,1,0,1
"John O'Shea",0,2,2,0,1,3,0,0,2,3,4,1,0,0
"Jordan Pickford",0,2,1,0,1,0,0,0,0,0,1,3,0,0
"Lamine Koné",1,3,3,1,4,4,0,1,2,0,2,0,1,3
"Papy Djilobodji",0,0,0,0,1,5,1,1,4,1,0,4,3,0
"Patrick van Aanholt",0,0,1,1,4,1,0,1,2,1,2,0,1,1
"Sebastian Larsson",1,0,1,1,0,1,0,1,0,1,4,1,0,0
"Wahbi Khazri",0,0,1,0,0,2,0,0,0,2,0,0,0,0
