"Adam Clayton",0,3,0,1,6,7,1,7,0,4,0,3,0,0
"Adam Forshaw",9,0,0,6,4,6,2,7,7,4,1,6,0,1
"Adama Traoré",0,0,0,0,2,0,0,0,0,0,0,0,0,0
"Álvaro Negredo",0,4,0,0,1,0,1,1,2,0,3,1,0,1
"Antonio Barragán",3,8,3,5,0,4,7,8,1,2,4,5,1,2
"Ben Gibson",6,11,0,2,2,0,0,13,1,13,2,7,9,2
"Cristhian Stuani",0,1,0,0,7,1,0,1,1,0,1,1,0,1
"Daniel Ayala",5,4,0,0,7,19,1,0,0,0,1,2,4,1
"Gastón Ramírez",0,2,0,1,0,1,0,0,0,2,4,2,0,0
"George Friend",4,6,0,0,0,11,1,1,2,0,1,14,0,4
"Marten de Roon",0,4,0,2,3,1,1,2,1,3,0,4,0,0
"Stewart Downing",3,5,0,0,3,4,5,1,2,12,2,0,0,3
"Víctor Valdés",1,0,0,6,1,4,0,1,1,0,0,0,0,0
"Viktor Fischer",2,3,0,0,4,1,1,2,0,1,0,0,0,0
