"Allan Nyom",0,1,3,8,0,3,0,0,1,4,2,4,3,2
"Ben Foster",1,0,2,1,2,0,0,0,0,0,0,1,0,0
"Chris Brunt",1,1,0,8,7,3,1,1,1,0,0,2,3,1
"Claudio Yacob",4,1,5,0,4,14,3,2,4,6,0,2,0,1
"Craig Dawson",1,1,6,0,0,4,2,0,0,1,0,1,7,2
"Darren Fletcher",3,0,3,7,6,0,7,0,1,5,2,3,3,2
"Gareth McAuley",1,2,1,2,2,5,0,0,0,3,0,3,1,1
"Hal Robson-Kanu",0,0,2,2,0,0,0,0,1,1,0,0,0,0
"James Morrison",1,0,0,1,0,0,0,2,0,2,0,1,1,0
"Jonas Olsson",1,1,2,3,0,4,8,0,0,0,0,2,0,1
"Jonathan Leko",2,0,0,0,0,1,0,0,0,0,0,0,0,0
"Matt Phillips",2,1,2,2,2,0,1,0,0,1,0,0,5,0
"Nacer Chadli",3,0,3,3,6,6,0,0,0,0,0,0,0,1
"Salomón Rondón",1,1,2,2,0,1,1,0,1,0,0,0,1,0
