"Bruno Martins Indi",0,0,0,5,2,0,0,3,0,3,2,0,0,0
"Charlie Adam",2,0,2,2,0,1,0,1,0,1,3,1,0,2
"Erik Pieters",0,3,0,6,0,2,0,0,0,7,4,0,1,0
"Giannelli Imbula",2,5,4,0,3,1,0,1,0,0,7,1,1,2
"Glen Johnson",2,1,3,2,0,1,0,0,1,2,0,0,0,1
"Joe Allen",2,1,3,2,3,0,0,0,1,2,1,0,1,2
"Julien Ngoy",0,0,0,0,0,0,0,0,0,1,0,0,0,0
"Lee Grant",2,0,0,0,1,0,0,0,0,0,0,0,0,0
"Mame Biram Diouf",1,0,0,0,1,3,0,1,0,0,0,0,0,4
"Marc Muniesa",2,4,2,5,4,1,0,2,1,0,2,0,0,0
"Marko Arnautovic",0,1,2,2,0,3,0,0,0,3,0,1,1,4
"Peter Crouch",0,0,0,0,0,0,0,0,0,0,0,0,1,1
"Ramadan Sobhi",0,0,1,1,0,2,0,0,0,0,1,0,0,0
"Xherdan Shaqiri",0,3,1,1,5,1,0,0,2,1,1,0,0,0
