"Adam Smith",0,6,0,0,3,0,1,5,3,0,2,7,5,1
"Andrew Surman",1,0,1,0,0,5,0,8,8,3,0,1,8,4
"Artur Boruc",1,0,0,0,0,0,0,0,0,0,0,0,0,3
"Benik Afobe",0,0,0,0,0,0,0,0,0,0,0,1,0,0
"Callum Wilson",0,1,0,0,0,0,0,2,0,0,1,0,0,1
"Charlie Daniels",1,1,1,0,2,0,0,10,0,6,0,2,1,7
"Dan Gosling",1,1,0,0,0,0,0,0,0,0,0,0,0,1
"Harry Arter",3,7,0,0,1,7,1,0,2,1,2,1,10,3
"Jack Wilshere",1,5,0,0,0,1,0,2,0,5,0,3,1,4
"Jordon Ibe",0,4,1,0,1,4,0,2,2,0,0,0,0,0
"Joshua King",3,1,0,0,0,0,0,1,1,0,0,1,0,1
"Junior Stanislas",1,7,0,0,1,2,1,3,3,0,0,0,1,0
"Simon Francis",12,5,2,0,0,1,0,2,2,0,0,2,0,5
"Steve Cook",2,2,2,1,0,8,0,2,0,2,1,2,3,0
