"Ahmed Elmohamady",0,0,0,0,0,0,0,0,0,0,1,0,0,0
"Alfred N'Diaye",0,0,3,0,0,1,4,2,0,2,3,0,3,3
"Andrea Ranocchia",0,5,0,2,1,4,3,2,0,1,1,0,2,3
"Andrew Robertson",0,0,0,0,0,1,0,0,1,1,0,0,0,0
"Curtis Davies",0,2,0,0,0,2,0,1,0,1,0,0,1,3
"David Marshall",1,0,0,0,1,0,0,2,0,0,1,1,0,0
"Jarrod Bowen",0,0,2,0,1,0,0,1,0,1,4,0,1,1
"Josh Tymon",0,0,1,0,3,0,0,0,3,1,0,3,8,4
"Kamil Grosicki",0,0,0,0,0,0,0,1,0,0,0,1,2,0
"Michael Dawson",0,5,1,0,3,4,0,1,0,0,4,0,1,3
"Omar Elabdellaoui",0,5,3,0,0,1,3,0,0,1,0,0,2,4
"Oumar Niasse",0,2,4,0,0,0,1,1,0,3,0,0,0,0
"Sam Clucas",0,3,0,2,2,0,0,8,1,2,0,1,0,6
"Tom Huddlestone",0,4,4,0,2,1,0,4,0,2,3,2,2,0
