"Andre Gray",0,0,0,1,0,0,1,1,0,0,0,1,0
"Ashley Barnes",2,0,0,1,1,2,0,1,1,0,2,2,0
"Ben Mee",0,2,0,0,2,2,0,7,0,1,1,6,3
"George Boyd",0,0,0,0,0,2,1,2,0,0,0,0,0
"Jeff Hendrick",0,0,6,1,0,4,3,2,3,0,0,5,1
"Joey Barton",0,0,5,0,3,0,0,1,3,0,3,3,1
"Matthew Lowton",0,0,3,0,1,0,0,3,1,1,1,0,3
"Michael Keane",0,2,2,0,3,1,3,0,2,1,0,2,5
"Robbie Brady",1,1,0,0,3,2,1,2,0,0,0,1,0
"Sam Vokes",0,0,0,0,0,0,0,0,1,0,0,0,0
"Scott Arfield",4,0,1,1,2,0,1,0,0,0,0,2,0
"Stephen Ward",0,1,7,0,6,3,0,1,0,1,1,0,1
"Tom Heaton",0,2,1,1,0,0,0,1,0,0,0,0,0
