"Aaron Cresswell",0,1,0,0,0,0,0,3,0,0,2,0,0,1
"Adrián",0,0,0,1,0,1,0,1,0,1,0,0,0,1
"André Ayew",1,0,0,3,3,2,0,0,0,0,6,0,0,0
"Arthur Masuaku",0,0,2,0,2,1,1,3,3,2,9,0,0,2
"Cheikhou Kouyaté",1,0,4,2,0,6,2,1,1,3,2,1,1,0
"Edimilson Fernandes",0,0,2,0,3,0,3,2,2,11,7,1,1,2
"Håvard Nordtveit",0,1,4,5,4,4,0,1,0,3,3,3,0,0
"James Collins",0,2,2,3,0,0,5,0,3,1,3,1,0,2
"Jonathan Calleri",0,0,2,1,2,0,0,1,0,0,2,0,0,0
"José Fonte",0,3,0,0,1,8,3,1,1,0,6,1,0,4
"Manuel Lanzini",2,0,3,8,2,5,9,3,1,3,0,1,0,2
"Mark Noble",1,0,0,0,2,0,1,1,0,1,2,0,1,1
"Robert Snodgrass",0,0,0,0,1,0,0,0,0,0,1,2,0,0
"Winston Reid",0,1,0,0,0,2,3,4,1,4,0,1,1,0
