"Ander Herrera",0,1,16,5,3,2,9,3,11,1,0,8,2,7
"Anthony Martial",1,0,0,0,3,0,0,0,0,0,0,3,0,0
"Antonio Valencia",9,0,0,4,1,1,7,7,3,1,3,5,4,4
"Chris Smalling",11,1,0,0,13,1,8,0,2,2,0,2,0,0
"Daley Blind",4,0,1,7,0,2,5,0,4,10,1,9,2,4
"David de Gea",0,1,0,0,1,0,5,0,0,0,0,1,0,1
"Eric Bailly",15,1,11,11,2,2,0,2,0,0,0,2,3,1
"Jesse Lingard",5,0,5,2,2,0,0,0,2,1,0,5,0,1
"Juan Mata",5,0,2,2,6,0,0,4,0,2,0,4,0,3
"Marcus Rashford",3,1,3,1,3,0,1,1,2,0,1,5,1,2
"Memphis Depay",0,0,1,0,0,0,0,0,0,2,0,0,0,0
"Paul Pogba",7,2,2,3,6,1,4,2,4,7,0,0,3,3
"Wayne Rooney",3,1,1,2,1,0,3,0,0,4,0,3,0,0
"Zlatan Ibrahimovic",4,1,0,1,2,0,1,5,0,2,0,3,3,0
