"Andre Gray",0,2,0,0,0,1,0,1,3,0,0,0,2,2
"Ashley Barnes",1,0,1,1,0,0,2,0,1,0,0,1,3,1
"Ben Mee",1,1,0,3,1,2,2,2,1,0,2,0,1,7
"Dean Marney",1,2,2,0,2,2,4,10,2,1,0,0,2,0
"George Boyd",0,0,0,1,0,0,0,5,0,0,1,0,1,0
"James Tarkowski",1,0,1,0,0,0,1,0,4,0,1,0,1,0
"Jeff Hendrick",0,1,5,3,1,0,0,3,2,0,0,0,4,5
"Jon Flanagan",2,3,0,9,1,0,2,0,6,0,0,0,1,1
"Michael Keane",0,1,4,2,0,4,2,3,0,0,3,0,1,1
"Michael Kightly",0,0,0,1,0,0,0,0,0,0,0,0,0,0
"Paul Robinson",0,2,0,0,0,0,0,0,0,0,0,1,1,3
"Sam Vokes",0,0,0,0,0,0,0,0,0,1,0,0,0,2
"Scott Arfield",1,2,1,3,1,1,3,3,0,0,0,0,0,4
"Stephen Ward",1,2,1,6,0,0,10,0,3,1,6,1,5,0
