"Ander Herrera",0,1,8,2,2,7,3,3,2,6,0,13,5,2
"Anthony Martial",1,0,1,0,0,1,0,1,1,0,0,3,0,0
"Antonio Valencia",6,0,0,0,2,6,1,3,1,1,1,2,4,3
"Daley Blind",2,0,0,0,0,0,0,2,0,1,0,1,0,0
"David de Gea",1,2,0,0,0,0,2,0,1,0,0,1,2,0
"Juan Mata",10,1,5,0,0,0,3,3,0,2,0,1,2,1
"Marcos Rojo",5,0,1,0,2,1,0,2,2,3,0,4,3,1
"Marcus Rashford",3,2,1,2,0,2,2,0,3,3,0,2,0,1
"Matteo Darmian",2,4,0,0,1,2,6,5,0,3,0,11,0,0
"Michael Carrick",8,1,1,1,1,3,4,5,1,0,1,4,2,0
"Morgan Schneiderlin",0,0,3,0,0,0,0,0,0,0,0,0,0,0
"Paul Pogba",10,1,3,0,1,3,5,2,8,10,0,0,0,2
"Phil Jones",2,0,5,0,8,0,2,0,0,1,1,0,0,0
"Wayne Rooney",4,0,2,0,0,1,0,0,0,1,1,2,0,0
