"Cédric Soares",0,0,0,2,0,0,4,1,0,6,0,0,0,0
"Charlie Austin",0,0,0,1,0,0,1,0,0,0,3,0,3,0
"Cuco Martina",0,0,0,5,1,0,8,3,0,6,0,1,2,0
"Dusan Tadic",1,0,0,0,0,0,1,3,2,11,0,0,3,1
"Fraser Forster",0,0,0,0,0,0,1,0,1,1,0,0,0,7
"James Ward-Prowse",0,0,0,0,0,0,1,1,2,0,1,0,0,0
"José Fonte",4,2,3,3,11,0,0,1,11,18,3,1,2,16
"Nathan Redmond",1,0,2,3,0,1,2,0,1,7,3,1,5,4
"Oriol Romeu",4,1,3,1,0,0,15,6,0,11,3,0,7,9
"Pierre-Emile Højbjerg",6,1,6,12,0,0,14,5,12,0,5,0,6,8
"Ryan Bertrand",0,4,0,1,1,1,0,5,4,3,0,1,9,14
"Shane Long",0,1,2,0,0,1,0,0,0,0,0,0,1,0
"Steven Davis",0,2,4,2,2,1,0,5,10,7,10,3,0,6
"Virgil van Dijk",0,0,2,0,5,2,19,3,9,2,11,1,12,0
