"Bruno Martins Indi",0,4,2,3,0,0,4,0,4,0,0,4,0
"Charlie Adam",4,0,10,3,0,3,1,1,2,4,1,3,1
"Erik Pieters",1,12,0,3,1,3,1,0,9,7,1,1,2
"Geoff Cameron",1,4,3,0,0,7,2,3,0,3,0,1,1
"Ibrahim Afellay",0,1,0,0,0,0,0,0,0,0,0,1,0
"Joe Allen",2,4,6,1,0,0,0,4,4,1,0,1,1
"Lee Grant",0,1,1,1,0,0,0,3,1,0,2,0,1
"Mame Biram Diouf",0,2,0,4,0,4,0,0,1,1,0,3,2
"Marc Muniesa",1,11,5,5,0,2,2,2,0,1,0,3,0
"Marko Arnautovic",0,4,9,3,0,3,0,0,1,0,1,0,0
"Peter Crouch",0,0,0,0,0,0,0,0,1,3,0,0,0
"Ryan Shawcross",1,3,0,6,2,4,3,1,0,0,0,0,0
"Saido Berahino",0,1,0,0,0,0,0,1,1,3,0,1,0
