"Andre Gray",0,0,0,0,1,2,2,1,1,1,0,2,0
"Ashley Barnes",0,0,0,0,0,0,0,0,2,0,0,0,0
"Ben Mee",1,1,0,0,4,2,1,5,2,0,6,2,2
"George Boyd",0,0,0,0,2,3,4,0,0,0,0,1,0
"Jeff Hendrick",0,1,2,1,0,1,3,4,2,1,4,2,0
"Joey Barton",2,0,3,3,4,0,3,3,0,2,5,4,0
"Matthew Lowton",1,0,1,4,1,8,0,6,0,2,0,4,1
"Michael Keane",1,0,7,2,0,3,9,0,1,2,2,0,4
"Robbie Brady",0,1,0,0,1,0,1,0,0,1,2,0,0
"Sam Vokes",1,0,1,2,0,1,1,0,0,0,2,0,0
"Stephen Ward",1,0,5,0,3,5,0,1,2,2,0,5,0
"Steven Defour",1,0,4,1,2,3,2,1,0,0,5,0,0
"Tom Heaton",1,0,1,0,0,0,0,0,0,3,0,0,0
