"Ander Herrera",0,0,3,3,6,8,5,7,1,14,6,13,1,1
"Anthony Martial",1,0,2,0,0,0,0,0,0,0,0,5,0,2
"Daley Blind",2,3,0,0,0,1,0,0,5,1,0,3,0,2
"Eric Bailly",4,0,0,0,1,0,0,7,0,2,6,4,0,1
"Henrikh Mkhitaryan",8,0,1,3,0,8,2,2,0,3,7,6,0,4
"Jesse Lingard",6,0,1,0,7,0,4,0,0,6,0,6,0,3
"Luke Shaw",3,0,0,0,7,3,0,5,0,3,0,7,1,3
"Marcos Rojo",2,0,1,3,3,0,5,0,0,2,1,10,3,2
"Marcus Rashford",2,0,1,1,1,0,0,0,0,0,0,4,0,1
"Marouane Fellaini",12,1,4,1,8,3,1,2,2,0,5,5,0,9
"Matteo Darmian",8,0,0,4,2,6,0,1,0,5,0,4,0,1
"Paul Pogba",13,5,5,3,6,4,10,5,3,9,3,0,0,7
"Sergio Romero",0,0,0,0,1,0,0,1,0,0,0,0,0,3
"Zlatan Ibrahimovic",2,1,1,1,7,5,1,0,1,4,1,3,0,0
