"Adama Diomande",0,1,1,0,0,0,0,2,0,0,3,0,0,2
"Ahmed El Mohamady",1,0,0,0,0,2,12,2,0,0,11,1,0,6
"Andrew Robertson",0,0,0,1,1,2,1,2,1,3,6,1,6,4
"Curtis Davies",0,0,3,0,3,0,0,0,1,2,0,1,1,2
"David Marshall",3,1,0,0,0,1,0,0,0,0,2,0,0,0
"David Meyler",1,2,4,0,0,0,1,0,0,0,1,0,0,1
"Harry Maguire",1,7,1,1,2,2,0,2,0,1,0,0,0,5
"Jake Livermore",2,4,0,1,0,0,1,0,0,2,4,0,4,6
"Jarrod Bowen",0,1,0,0,0,0,0,0,0,0,0,0,0,2
"Michael Dawson",0,1,2,1,0,0,5,1,0,0,0,0,0,2
"Robert Snodgrass",1,4,5,0,0,1,1,6,0,0,0,0,2,4
"Ryan Mason",0,0,3,0,0,0,0,0,1,0,1,0,0,2
"Sam Clucas",3,0,7,0,0,0,0,4,0,0,0,0,0,2
"Tom Huddlestone",0,9,6,8,2,3,2,4,1,2,4,3,5,0
