"Ander Herrera",0,2,17,3,6,2,17,15,1,2,0,12,19,1
"Anthony Martial",3,0,2,0,6,0,0,4,0,1,1,1,11,1
"Antonio Valencia",18,2,0,1,0,1,12,8,5,1,1,6,4,3
"Chris Smalling",6,2,0,0,4,1,4,0,0,0,0,1,4,0
"Daley Blind",8,9,1,3,0,0,0,1,0,0,0,0,9,5
"David de Gea",0,1,1,1,0,0,1,1,0,0,0,0,2,0
"Eric Bailly",14,1,9,6,1,1,0,2,0,2,0,3,4,0
"Henrikh Mkhitaryan",17,3,10,0,2,1,0,0,2,1,2,3,7,3
"Juan Mata",3,0,7,0,0,0,0,3,0,0,0,0,4,1
"Marcos Rojo",3,2,0,0,0,1,1,1,0,0,1,0,0,0
"Marcus Rashford",0,1,1,0,0,0,0,1,0,0,0,0,0,1
"Marouane Fellaini",8,3,7,1,3,1,2,5,0,0,0,0,2,2
"Paul Pogba",9,10,1,2,8,0,4,5,6,1,1,9,0,5
"Zlatan Ibrahimovic",2,1,0,0,2,0,0,4,3,0,0,0,3,0
