"Adam Clayton",0,1,1,0,0,0,0,2,1,5,1,1,0
"Adam Forshaw",1,0,0,3,0,0,0,3,2,0,0,1,3
"Álvaro Negredo",0,0,0,1,0,1,0,0,1,0,1,0,0
"Ben Gibson",0,2,1,0,1,0,0,1,3,1,0,1,0
"Brad Guzan",0,0,0,0,0,0,0,0,0,0,0,1,0
"Calum Chambers",2,0,1,3,0,0,0,0,0,0,2,1,0
"Daniel Ayala",0,1,0,2,1,0,0,0,0,0,0,0,0
"Fabio",2,2,0,0,0,0,0,0,1,0,2,3,0
"George Friend",2,5,0,0,1,0,1,0,0,6,2,6,3
"Grant Leadbitter",2,1,1,2,0,3,0,1,6,0,0,3,4
"Patrick Bamford",2,2,1,0,0,1,0,0,0,0,0,2,0
"Rudy Gestede",2,4,0,0,1,0,0,0,1,1,2,0,2
"Stewart Downing",1,2,0,0,0,0,2,0,5,4,0,0,0
