"Adam Clayton",0,4,0,0,6,6,2,0,0,6,0,2,4,0
"Adam Forshaw",5,0,0,0,1,10,3,0,1,5,0,0,5,0
"Adama Traoré",0,1,0,1,0,0,0,0,0,0,0,0,0,0
"Álvaro Negredo",1,0,2,0,0,0,0,0,0,1,1,0,1,0
"Antonio Barragán",3,2,2,1,0,0,1,1,6,7,0,1,2,2
"Ben Gibson",4,7,0,1,0,0,17,3,0,16,0,4,8,4
"Bernardo Espinosa",3,3,0,0,1,12,0,2,20,3,0,0,1,0
"Cristhian Stuani",2,0,0,0,0,2,0,0,0,4,0,1,0,0
"Daniel Ayala",3,2,0,0,5,6,10,0,0,7,0,3,0,3
"Grant Leadbitter",3,8,0,0,7,16,1,0,7,0,0,3,5,0
"Patrick Bamford",0,0,0,0,0,0,0,0,0,0,0,0,0,0
"Rudy Gestede",2,0,0,0,0,0,0,3,0,3,0,0,0,0
"Stewart Downing",2,5,0,1,0,11,3,0,0,1,1,1,0,2
"Víctor Valdés",1,1,0,2,0,2,1,0,0,0,0,1,0,0
