"Cédric Soares",0,4,3,10,8,2,1,3,0,2,0,1,2,6
"Dusan Tadic",3,0,0,2,4,1,1,2,3,3,0,0,1,2
"Fraser Forster",0,0,0,3,0,1,3,0,1,1,0,0,0,1
"Jack Stephens",13,2,3,0,4,2,23,2,7,1,0,0,1,6
"James Ward-Prowse",7,4,0,5,0,1,2,2,4,0,0,0,0,6
"Jay Rodriguez",0,2,0,0,1,0,0,3,0,3,0,0,0,0
"Maya Yoshida",1,2,5,17,0,0,0,1,14,21,0,0,1,8
"Nathan Redmond",4,1,0,5,0,0,2,0,4,7,0,0,0,3
"Oriol Romeu",3,4,1,7,4,1,13,3,0,2,0,0,2,8
"Ryan Bertrand",0,7,0,2,0,4,17,10,8,0,2,0,3,5
"Sam McQueen",0,0,0,0,0,0,0,1,0,3,0,1,0,1
"Shane Long",0,0,0,0,0,0,0,0,0,0,0,0,0,1
"Sofiane Boufal",0,0,0,1,0,0,0,0,1,3,1,0,0,1
"Steven Davis",13,1,0,9,4,0,7,1,8,6,2,0,0,0
