"Bruno Martins Indi",0,0,7,3,8,0,0,2,0,3,2,3,2,0
"Charlie Adam",1,0,2,1,5,0,0,0,0,2,0,0,0,1
"Erik Pieters",2,2,0,9,5,5,0,1,0,10,0,1,1,1
"Geoff Cameron",1,5,7,0,15,3,0,2,0,3,4,1,0,5
"Glenn Whelan",11,3,3,6,0,10,0,0,2,2,3,5,5,8
"Joe Allen",2,1,4,2,6,0,0,0,0,3,4,1,0,9
"Jonathan Walters",0,0,0,0,0,0,0,0,1,0,0,0,0,0
"Lee Grant",0,1,0,0,0,0,0,0,0,0,0,3,1,1
"Marc Muniesa",0,1,0,1,2,0,1,0,0,0,0,0,0,1
"Marko Arnautovic",1,0,9,3,3,2,0,0,1,0,1,2,3,5
"Phil Bardsley",0,0,0,2,8,5,0,0,0,1,0,2,0,4
"Ryan Shawcross",2,0,1,5,6,1,0,0,0,1,2,0,1,2
"Wilfried Bony",1,0,1,3,2,2,0,0,0,0,1,0,0,2
"Xherdan Shaqiri",1,1,1,11,3,4,0,0,0,3,4,1,2,0
