"Alfie Mawson",0,9,1,3,2,0,1,3,1,2,3,4,2,0
"Federico Fernández",5,0,3,0,1,0,1,9,2,0,6,4,1,1
"Fernando Llorente",0,0,0,4,0,0,1,1,4,1,0,0,0,0
"Gylfi Sigurdsson",0,0,1,0,1,3,1,0,6,0,0,2,7,0
"Jack Cork",2,4,0,2,0,0,0,4,3,1,1,3,5,4
"Jefferson Montero",1,0,1,2,0,0,0,1,0,0,0,1,0,0
"Jordan Ayew",1,0,0,3,6,0,0,4,0,0,0,2,0,1
"Kyle Naughton",1,7,3,2,3,0,2,0,8,6,2,1,1,3
"Leroy Fer",0,3,1,3,1,1,3,7,0,1,1,4,2,3
"Luciano Narsingh",2,0,0,0,1,0,0,6,1,0,0,0,0,0
"Lukasz Fabianski",5,3,1,0,1,0,1,2,0,0,0,0,0,0
"Martin Olsson",8,1,1,2,3,1,5,1,2,0,1,0,2,1
"Tom Carroll",2,2,0,1,3,0,2,1,3,0,0,4,0,0
"Wayne Routledge",0,0,0,1,3,0,1,3,0,0,0,0,1,0
