"Ben Woodburn",0,0,1,1,3,1,2,1,0,0,0,0,0,2
"Daniel Sturridge",0,0,0,0,0,0,2,1,0,0,0,1,0,0
"Dejan Lovren",0,0,0,0,8,5,0,10,3,0,0,4,4,3
"Divock Origi",1,0,1,0,0,1,0,1,1,0,0,0,0,0
"Emre Can",2,0,4,1,0,0,2,4,5,0,6,2,2,8
"Georginio Wijnaldum",0,0,4,0,4,0,4,5,4,4,6,3,0,3
"James Milner",2,3,1,0,7,6,0,7,4,5,5,3,0,2
"Joel Matip",1,0,13,1,6,5,4,0,0,1,12,1,1,0
"Nathaniel Clyne",1,3,3,0,4,2,6,0,0,1,5,5,1,0
"Philippe Coutinho",0,0,1,0,0,2,6,2,1,0,2,3,0,0
"Ragnar Klavan",0,0,5,2,4,3,15,7,4,1,0,2,4,0
"Roberto Firmino",0,0,1,0,5,8,2,1,0,3,1,0,1,0
"Simon Mignolet",0,0,0,0,0,0,1,0,0,0,1,1,0,0
"Trent Alexander-Arnold",1,0,5,1,1,2,3,0,0,0,0,0,0,0
