"Ben Watson",0,0,0,3,0,1,0,1,0,0,1,3,0,1
"Costel Pantilimon",0,0,0,1,0,0,0,0,0,0,0,2,0,1
"Daryl Janmaat",1,3,0,0,1,0,0,1,5,2,0,0,2,7
"Etienne Capoue",0,0,6,0,0,4,2,0,5,2,4,2,2,0
"Heurelho Gomes",0,0,0,0,0,1,0,1,0,0,0,1,0,0
"José Holebas",1,0,0,2,0,0,0,0,3,1,11,1,0,1
"Juan Zuñiga",1,0,0,0,0,0,0,0,0,0,0,0,0,0
"Miguel Britos",1,1,0,0,2,2,0,0,2,1,3,3,1,2
"Nordin Amrabat",1,0,5,8,0,0,0,0,0,3,0,1,2,1
"Odion Ighalo",1,0,0,2,0,1,0,1,1,0,6,1,1,0
"Roberto Pereyra",2,0,1,4,0,3,0,3,2,2,0,1,3,1
"Troy Deeney",0,0,1,4,0,0,0,0,2,2,2,0,0,2
"Valon Behrami",0,0,1,3,0,2,0,2,0,1,0,1,0,5
"Younes Kaboul",0,9,6,0,3,0,0,2,3,1,1,1,1,0
