"Federico Fernández",0,1,1,5,0,5,2,14,0,3,3,0,0,0
"Fernando Llorente",1,0,1,2,1,1,0,1,4,0,1,0,1,0
"Gylfi Sigurdsson",1,0,0,4,0,0,0,0,0,0,0,0,2,1
"Jack Cork",8,2,1,0,0,8,0,5,3,0,0,0,5,1
"Jefferson Montero",0,0,0,1,0,0,0,0,1,0,0,0,0,0
"Jordi Amat",9,1,1,1,3,0,2,0,4,2,0,0,4,1
"Ki Sung-yueng",2,1,0,0,1,0,0,0,2,1,0,0,0,0
"Kyle Naughton",8,7,0,6,0,2,2,0,5,1,8,0,0,0
"Leroy Fer",3,2,0,5,1,0,1,6,0,0,2,0,1,2
"Lukasz Fabianski",2,0,0,0,0,3,0,0,0,0,0,0,1,0
"Modou Barrow",1,0,0,2,1,0,0,4,4,0,0,1,1,0
"Oliver McBurnie",0,0,0,0,0,0,0,0,2,0,0,0,0,0
"Stephen Kingsley",0,8,2,2,1,2,1,0,2,1,0,0,0,2
"Wayne Routledge",0,0,1,0,0,0,0,2,0,0,0,0,0,0
