"Adam Lallana",0,3,4,0,4,9,4,0,0,5,4,5,6
"Dejan Lovren",4,0,11,0,12,17,6,8,0,0,4,2,1
"Emre Can",3,11,0,0,8,6,7,1,0,5,8,6,4
"Georginio Wijnaldum",0,1,0,0,0,0,1,0,0,1,0,0,0
"James Milner",2,9,10,0,0,1,5,1,0,1,13,4,1
"Joel Matip",13,13,5,0,2,0,10,4,0,7,2,1,4
"Jordan Henderson",3,10,3,1,7,15,0,2,0,13,8,1,8
"Loris Karius",0,5,0,0,2,3,1,0,0,1,0,0,1
"Lucas Leiva",0,0,1,0,0,0,0,0,0,0,0,0,0
"Nathaniel Clyne",9,0,6,2,1,7,10,0,1,0,1,3,8
"Philippe Coutinho",2,2,11,0,5,1,10,0,0,4,0,8,3
"Roberto Firmino",6,0,6,0,4,0,8,0,0,3,6,0,4
"Sadio Mané",4,2,3,2,0,2,4,0,0,5,4,6,0
