"Allan Nyom",0,3,2,2,0,2,2,0,1,1,0,1,1,0
"Ben Foster",0,0,0,0,1,0,0,0,0,0,0,0,0,2
"Chris Brunt",4,1,0,5,4,1,0,0,0,5,0,3,2,1
"Claudio Yacob",2,0,5,0,9,4,2,0,0,4,1,2,1,1
"Craig Dawson",0,0,2,1,0,4,8,0,1,1,0,1,6,1
"Darren Fletcher",2,0,3,3,2,0,1,0,0,9,3,4,2,5
"Gareth McAuley",3,1,1,1,2,3,0,1,0,1,1,2,0,0
"Hal Robson-Kanu",0,0,0,0,0,0,0,0,0,0,0,2,0,0
"James McClean",1,0,0,1,0,0,0,0,0,1,0,0,0,0
"James Morrison",0,0,8,4,2,7,0,0,0,0,0,4,4,2
"Jonny Evans",0,1,2,1,1,0,0,0,0,0,0,0,0,0
"Matt Phillips",1,0,1,4,3,4,1,1,0,3,0,0,1,2
"Nacer Chadli",0,0,1,2,2,4,1,0,0,2,0,1,0,3
"Salomón Rondón",0,0,1,1,1,1,0,0,0,5,0,2,0,0
