"Ashley Williams",0,2,0,3,7,1,3,18,6,3,18,2,0,5
"Dominic Calvert-Lewin",0,0,0,1,2,0,1,1,0,0,0,0,0,6
"Enner Valencia",2,0,0,0,1,0,0,4,0,1,0,0,1,0
"Gareth Barry",2,2,0,0,4,0,0,6,0,1,7,0,0,4
"Idrissa Gueye",7,0,1,6,0,1,6,12,0,8,7,4,4,7
"Jonjoe Kenny",0,0,0,0,0,0,0,0,0,0,1,1,3,2
"Kevin Mirallas",0,1,0,2,7,0,0,6,0,3,4,1,1,2
"Leighton Baines",18,7,5,3,9,0,8,0,2,0,1,5,2,12
"Maarten Stekelenburg",6,0,0,0,0,0,1,2,0,1,4,0,1,0
"Mason Holgate",1,0,0,2,5,0,1,0,0,0,11,5,6,2
"Phil Jagielka",18,0,1,6,14,3,0,4,5,8,0,1,2,4
"Romelu Lukaku",1,0,0,2,1,0,3,1,0,1,3,0,1,2
"Ross Barkley",1,0,1,2,4,2,0,1,0,2,1,3,0,1
"Tom Davies",8,2,2,2,6,3,4,8,0,2,3,2,1,0
