"Ahmed Musa",0,2,3,2,0,0,1,0,0,3,1,0,0,0
"Andy King",2,0,6,6,9,0,2,2,0,3,3,1,1,2
"Christian Fuchs",5,16,0,12,2,6,5,1,1,2,3,1,2,7
"Daniel Drinkwater",1,3,15,0,11,3,3,0,1,9,6,2,3,2
"Danny Simpson",1,9,2,11,0,0,2,0,0,13,1,7,3,5
"Demarai Gray",0,1,4,2,2,0,0,0,0,1,0,0,0,0
"Islam Slimani",0,1,2,7,3,0,0,1,0,4,0,0,0,0
"Jamie Vardy",0,0,0,0,0,0,1,0,0,1,0,0,0,0
"Leonardo Ulloa",0,0,1,0,0,0,0,0,0,0,0,0,0,0
"Riyad Mahrez",1,4,2,10,6,0,3,0,0,0,1,0,4,0
"Robert Huth",2,0,11,10,0,1,1,0,0,2,0,3,1,3
"Ron-Robert Zieler",0,0,3,1,0,0,0,0,2,1,1,0,1,0
"Shinji Okazaki",2,1,1,1,1,0,3,0,0,2,0,0,0,0
"Wes Morgan",2,3,0,8,6,0,0,0,0,1,2,1,0,0
