"Abdoulaye Doucouré",0,1,0,0,0,0,1,0,0,0,0,0,0,0
"Adlène Guédioura",1,0,3,4,0,0,0,0,0,6,2,2,0,5
"Craig Cathcart",0,1,0,0,1,0,0,0,7,4,0,2,3,4
"Etienne Capoue",0,3,1,0,1,6,0,0,8,1,0,0,0,7
"Heurelho Gomes",0,1,1,0,0,0,0,0,1,0,1,1,0,1
"José Holebas",0,3,0,8,0,0,0,0,2,0,0,1,0,2
"Juan Zuñiga",0,0,0,0,0,0,0,0,0,0,1,0,0,0
"Matej Vydra",0,0,1,0,0,0,0,0,0,1,0,0,0,0
"Miguel Britos",0,0,0,8,5,7,0,0,0,2,4,1,2,4
"Nordin Amrabat",0,5,5,0,0,0,0,1,0,0,1,3,1,6
"Odion Ighalo",0,2,0,3,0,0,0,0,0,2,0,0,3,1
"Sebastian Prödl",0,0,2,2,2,0,0,0,9,1,0,0,1,2
"Troy Deeney",0,1,0,1,0,0,0,0,2,1,0,1,0,1
"Valon Behrami",1,4,6,6,0,5,0,0,8,2,1,5,0,0
