"Ben Watson",0,0,0,0,0,0,1,0,0,0,0,0,0,0
"Christian Kabasele",0,0,0,1,0,0,0,0,0,0,0,0,0,0
"Etienne Capoue",0,0,0,1,1,2,4,4,1,1,2,0,2,4
"Heurelho Gomes",0,0,0,0,0,0,0,3,1,0,3,2,0,1
"Isaac Success",0,0,0,0,0,1,1,4,0,1,0,1,0,0
"José Holebas",0,0,3,0,2,0,0,2,1,0,1,2,2,1
"Juan Zuñiga",0,1,1,0,0,0,0,1,0,2,0,2,1,0
"Miguel Britos",0,0,3,2,2,6,0,0,0,1,0,0,2,0
"Nordin Amrabat",0,0,3,1,0,0,0,0,0,1,1,1,0,1
"Roberto Pereyra",0,0,2,0,0,2,2,1,4,0,1,2,4,2
"Sebastian Prödl",0,0,3,0,0,2,0,2,0,0,0,0,4,3
"Troy Deeney",0,0,4,0,2,1,0,0,0,1,1,0,3,0
"Valon Behrami",1,0,1,1,1,1,0,5,1,2,4,0,0,0
"Younes Kaboul",0,0,1,4,1,0,1,0,1,2,1,2,0,0
