"Adam Clayton",0,0,0,0,0,0,0,0,1,0,0,2,0,1
"Adam Forshaw",0,0,1,5,9,8,1,3,8,9,5,14,0,0
"Álvaro Negredo",0,3,0,0,0,0,1,1,1,3,2,3,0,1
"Antonio Barragán",0,2,1,0,1,5,0,1,0,6,7,4,0,0
"Ben Gibson",0,2,1,1,0,9,1,2,9,4,0,5,6,4
"Daniel Ayala",1,4,1,5,10,0,0,0,2,6,1,5,6,2
"David Nugent",0,1,2,1,0,0,0,0,0,1,0,0,0,1
"Gastón Ramírez",0,7,1,2,0,0,0,0,0,4,2,4,0,0
"George Friend",2,9,5,0,0,0,2,1,0,5,0,9,0,4
"Marten de Roon",0,12,3,2,7,10,0,4,3,0,0,5,1,1
"Nsue",0,4,0,3,0,2,0,3,0,2,0,0,0,0
"Stewart Downing",0,12,2,2,6,7,0,2,5,6,1,0,0,1
"Víctor Valdés",0,0,2,0,2,1,0,0,1,2,0,0,0,0
"Viktor Fischer",0,1,0,0,1,0,0,0,3,3,0,2,0,0
