"Andrew Surman",0,0,0,6,4,13,7,1,2,5,5,7,7,6
"Artur Boruc",1,0,0,2,0,0,0,0,0,0,0,1,2,1
"Benik Afobe",0,0,0,0,0,1,3,1,0,0,0,0,0,0
"Brad Smith",2,0,0,0,0,5,4,0,3,5,0,0,3,3
"Dan Gosling",2,0,0,0,0,2,0,0,0,1,2,2,2,0
"Harry Arter",14,0,2,5,0,0,5,6,4,8,4,1,5,3
"Jack Wilshere",13,0,0,2,2,1,0,1,4,0,6,2,2,3
"Jordon Ibe",3,0,0,2,0,4,1,0,0,0,6,0,1,0
"Joshua King",3,0,0,1,1,1,2,2,0,2,2,0,1,0
"Marc Pugh",1,0,0,3,1,8,2,1,1,0,0,1,2,9
"Ryan Fraser",8,0,0,0,1,8,11,4,0,0,0,8,7,1
"Simon Francis",9,1,0,0,1,2,2,0,1,0,12,0,5,0
"Steve Cook",6,2,1,0,0,7,7,2,2,1,10,12,0,7
"Tyrone Mings",10,2,0,6,3,3,1,0,0,4,0,0,10,0
