"Ben Davies",0,6,2,0,6,0,0,10,1,7,0,3,0
"Christian Eriksen",6,0,2,2,0,1,0,3,7,2,0,2,4
"Dele Alli",5,2,0,2,1,0,0,0,1,2,1,1,3
"Eric Dier",2,3,2,0,2,0,6,3,7,4,1,5,4
"Harry Kane",1,3,1,1,0,0,0,0,3,3,0,0,0
"Harry Winks",0,0,0,0,0,0,0,0,0,0,0,1,1
"Hugo Lloris",0,0,0,9,1,0,0,3,1,0,0,2,2
"Jan Vertonghen",18,1,4,3,2,0,4,0,0,2,0,6,5
"Kyle Walker",0,8,6,8,2,0,1,2,0,6,1,0,3
"Mousa Dembélé",6,4,1,7,2,0,0,7,6,0,0,2,3
"Moussa Sissoko",0,0,0,0,0,0,0,0,1,0,0,0,0
"Toby Alderweireld",5,2,2,7,0,0,2,2,1,0,0,0,3
"Victor Wanyama",1,6,2,1,0,0,2,6,3,6,0,1,0
