"Andre Gray",0,0,0,1,0,0,0,0,0,1,0,1,0,0
"Ashley Barnes",0,0,1,0,0,0,1,0,1,0,0,0,0,0
"Ben Mee",1,0,0,0,0,0,1,1,0,0,2,0,2,3
"Dean Marney",0,0,2,0,0,2,3,6,5,0,2,1,2,0
"George Boyd",0,1,0,0,0,0,0,0,0,0,0,0,0,0
"Jeff Hendrick",0,0,0,4,0,0,1,1,1,0,1,3,0,0
"Johann Berg Gudmundsson",0,0,0,2,0,0,0,1,3,0,0,3,1,0
"Jon Flanagan",0,0,1,6,0,3,2,0,0,1,1,0,0,0
"Matthew Lowton",0,0,0,6,0,0,5,0,0,2,2,1,0,1
"Michael Keane",0,0,1,0,0,1,0,0,3,0,2,0,0,1
"Sam Vokes",3,0,0,1,0,0,1,0,0,0,0,2,1,0
"Scott Arfield",1,0,2,3,0,2,0,3,1,0,1,0,1,0
"Stephen Ward",0,0,3,3,0,0,0,0,0,0,0,1,0,2
"Tom Heaton",0,0,1,0,0,2,0,0,0,1,2,2,0,0
