"Aaron Lennon",0,0,0,0,1,0,0,0,0,1,5,2,0,0
"Ashley Williams",0,0,0,4,0,5,9,7,3,2,1,3,4,0
"Bryan Oviedo",0,0,0,5,0,0,0,2,3,3,0,0,0,0
"Gareth Barry",0,3,2,0,2,0,3,3,5,5,3,8,0,1
"Kevin Mirallas",2,1,0,0,0,0,0,1,1,1,1,3,0,0
"Maarten Stekelenburg",0,3,0,0,0,0,1,1,2,0,0,0,0,0
"Phil Jagielka",0,10,1,4,0,5,0,6,1,0,3,5,1,1
"Ramiro Funes Mori",0,6,2,3,1,1,0,0,1,4,1,3,6,1
"Romelu Lukaku",0,0,0,1,2,0,0,1,0,4,0,5,0,3
"Ross Barkley",3,2,4,5,1,0,3,5,1,0,2,4,7,0
"Seamus Coleman",1,5,0,3,3,2,8,0,3,2,0,9,1,5
"Tom Cleverley",3,5,1,6,2,1,4,3,1,8,14,0,3,4
"Tom Davies",0,3,0,0,1,0,2,1,1,5,4,3,0,0
"Yannick Bolasie",0,0,0,2,0,0,0,0,1,1,4,2,0,0
