"Adam Clayton",0,4,2,2,0,3,2,7,13,4,0,0,5,0
"Adam Forshaw",7,0,0,4,3,7,1,1,2,5,4,0,7,1
"Adama Traoré",5,1,0,4,1,0,0,3,4,4,0,0,3,0
"Álvaro Negredo",1,4,1,0,1,1,0,0,3,2,1,0,3,0
"Antonio Barragán",0,1,6,1,0,0,0,5,0,0,0,0,1,0
"Ben Gibson",6,5,2,0,0,0,3,9,4,0,9,0,3,4
"Brad Guzan",1,1,0,2,0,1,0,2,0,1,0,0,0,0
"Calum Chambers",4,0,4,1,6,7,4,0,11,1,0,0,1,0
"Fabio",9,10,9,0,0,3,0,4,0,6,1,1,7,0
"Gastón Ramírez",2,4,1,4,0,2,0,2,3,0,5,0,1,1
"George Friend",0,8,2,1,0,6,0,0,0,2,0,1,7,1
"Grant Leadbitter",0,0,0,0,0,0,0,0,0,0,1,0,0,0
"Marten de Roon",7,6,1,2,2,6,0,3,4,4,3,0,0,0
"Stewart Downing",0,1,0,1,0,1,1,2,0,0,1,0,0,0
