"Adrián",0,2,0,0,0,1,0,0,0,1,0,2,0,1
"Angelo Ogbonna",2,0,1,0,2,7,0,0,10,1,6,0,0,7
"Ashley Fletcher",0,0,0,0,1,0,0,0,0,0,0,0,1,0
"Cheikhou Kouyaté",2,2,0,0,4,0,0,4,15,5,5,0,4,10
"Dimitri Payet",0,4,1,1,0,7,0,12,10,3,5,1,2,0
"Edimilson Fernandes",0,4,1,2,9,0,1,2,8,0,12,0,0,3
"Jonathan Calleri",0,0,0,0,0,2,0,0,0,0,1,0,0,0
"Manuel Lanzini",0,0,0,1,10,4,2,0,12,4,6,0,1,0
"Mark Noble",1,9,0,7,16,11,1,9,0,3,12,3,4,4
"Michail Antonio",1,2,0,9,1,0,0,2,4,0,2,3,0,1
"Pedro Obiang",1,4,0,2,8,5,0,9,12,2,0,2,1,1
"Simone Zaza",0,0,0,0,1,0,0,2,1,1,1,0,0,0
"Sofiane Feghouli",0,0,0,1,7,0,1,0,1,0,1,0,0,0
"Winston Reid",3,5,0,12,0,1,0,0,7,3,1,0,0,0
