"Abel Hernández",0,0,0,2,0,0,0,0,0,0,0,0,0,0
"Ahmed El Mohamady",1,0,10,11,0,4,5,3,0,10,0,1,2,5
"Alfred N'Diaye",2,5,0,4,3,0,3,1,1,1,1,0,2,5
"Andrea Ranocchia",1,6,3,0,0,2,0,4,0,1,0,0,3,4
"Andrew Robertson",0,2,0,1,0,1,4,4,6,1,0,0,0,3
"Eldin Jakupovic",0,1,0,1,0,0,0,0,0,0,0,0,1,1
"Evandro",0,5,6,0,2,0,0,0,1,3,1,0,1,5
"Harry Maguire",0,0,2,3,4,1,1,0,7,0,0,0,0,4
"Kamil Grosicki",1,1,0,0,7,0,2,1,0,0,0,0,0,3
"Lazar Markovic",0,11,4,0,2,0,4,1,0,0,0,0,0,2
"Markus Henriksen",0,0,0,0,1,0,0,0,0,0,0,0,0,1
"Michael Dawson",0,0,0,0,0,0,0,0,0,0,0,0,0,1
"Oumar Niasse",0,3,1,0,0,0,1,0,0,2,0,0,0,3
"Sam Clucas",1,5,0,4,7,0,1,4,6,4,0,0,7,0
