"Ahmed Musa",0,0,0,0,0,0,0,0,0,0,0,1,0,0
"Christian Fuchs",0,0,4,4,1,0,4,0,5,0,3,0,1,1
"Daniel Amartey",0,4,0,8,1,0,1,3,3,4,3,1,2,1
"Daniel Drinkwater",0,1,4,0,6,1,5,3,5,5,6,3,0,5
"Danny Simpson",0,0,5,5,0,1,0,0,0,9,1,3,2,3
"Demarai Gray",0,0,1,0,1,0,0,0,0,0,0,0,0,1
"Jamie Vardy",0,1,0,3,0,1,0,1,3,1,0,0,0,1
"Jeffrey Schlupp",1,0,1,1,0,0,2,0,0,1,0,2,0,1
"Marc Albrighton",0,7,3,0,0,0,3,0,0,0,1,0,1,1
"Riyad Mahrez",0,0,2,5,5,1,0,1,2,0,1,0,4,1
"Robert Huth",0,3,2,5,2,0,3,0,0,2,0,2,0,4
"Ron-Robert Zieler",1,0,0,0,2,0,0,0,0,0,0,0,1,2
"Shinji Okazaki",0,0,0,4,1,0,0,0,2,1,0,0,0,0
"Wes Morgan",0,0,4,2,5,1,0,0,0,2,1,5,0,0
