"Adam Smith",0,1,1,1,6,0,0,9,9,0,0,2,18,3
"Artur Boruc",0,0,0,0,1,0,0,0,0,0,0,0,7,2
"Charlie Daniels",0,0,0,0,1,1,4,1,6,1,10,0,1,7
"Dan Gosling",1,0,2,0,0,0,1,0,1,0,0,0,0,1
"Harry Arter",6,1,3,0,0,0,0,3,3,0,2,0,6,7
"Jordon Ibe",0,0,0,0,0,0,0,0,0,0,0,0,0,0
"Joshua King",2,0,2,2,2,0,0,4,1,0,2,0,0,0
"Junior Stanislas",8,0,1,0,3,0,3,0,1,2,2,1,4,2
"Lewis Cook",5,3,5,3,3,0,3,3,0,1,3,1,7,5
"Lys Mousset",0,0,2,0,1,0,0,1,1,0,1,0,0,0
"Marc Pugh",1,0,6,0,3,0,4,0,5,0,0,3,1,1
"Ryan Fraser",1,0,0,0,0,0,1,1,0,0,2,0,0,0
"Simon Francis",18,9,3,0,3,0,0,7,6,0,1,0,0,7
"Steve Cook",3,4,8,0,4,0,2,1,4,1,3,2,11,0
