"Adam Smith",0,0,3,0,0,3,8,2,0,0,1,4,9,2
"Artur Boruc",0,0,3,0,0,0,0,1,1,0,2,0,2,2
"Benik Afobe",0,0,0,2,0,1,0,2,0,0,0,2,4,0
"Callum Wilson",2,0,1,0,2,2,0,0,0,0,0,0,0,0
"Charlie Daniels",2,2,1,1,0,5,10,3,0,3,8,12,0,1
"Dan Gosling",5,1,1,1,7,0,1,2,0,0,3,4,11,3
"Harry Arter",7,1,1,2,9,5,0,7,0,0,7,3,5,9
"Jack Wilshere",2,0,1,0,3,0,7,0,1,1,1,1,3,3
"Joshua King",1,0,0,0,0,0,0,1,0,2,0,0,1,0
"Marc Pugh",0,0,0,0,1,0,2,1,0,0,1,0,0,0
"Nathan Aké",0,4,2,0,9,5,9,2,1,0,0,3,2,4
"Ryan Fraser",1,0,1,0,6,2,8,1,0,0,2,0,6,0
"Simon Francis",11,2,4,1,0,16,7,2,0,0,4,3,0,12
"Steve Cook",3,4,0,0,3,0,8,1,0,0,5,2,11,0
