"Aleksandar Kolarov",0,0,1,5,5,1,2,1,13,2,5,0,0,2
"Bacary Sagna",1,0,3,1,3,1,1,0,2,4,5,0,3,4
"Claudio Bravo",3,2,0,0,6,4,1,0,12,2,3,1,1,1
"David Silva",7,1,0,0,4,1,9,2,4,6,3,0,3,2
"Fernandinho",9,5,6,3,0,0,4,2,4,3,5,1,7,4
"Fernando",1,1,2,5,1,0,0,1,1,0,1,1,0,2
"Ilkay Gündogan",4,2,2,5,6,0,0,0,5,3,6,0,5,2
"Jesús Navas",1,0,0,2,0,1,0,0,1,0,0,0,0,0
"John Stones",7,0,19,3,9,0,8,0,0,0,15,0,0,0
"Kevin De Bruyne",2,4,0,7,0,2,3,0,3,0,2,0,3,2
"Nicolás Otamendi",0,2,8,4,5,1,5,0,9,5,0,3,1,3
"Pablo Zabaleta",0,0,0,0,2,0,0,0,0,0,0,0,1,0
"Raheem Sterling",3,4,0,4,1,0,4,0,0,1,1,1,0,0
"Sergio Agüero",4,0,0,5,3,0,2,0,0,4,0,0,3,0
