"Arouna Koné",0,0,5,1,0,1,0,1,0,0,1,0,1,1
"Ashley Williams",0,0,10,6,1,4,4,0,8,0,0,4,0,1
"Gareth Barry",0,7,0,10,3,8,1,4,13,1,7,8,0,1
"Idrissa Gueye",0,5,11,0,6,4,1,10,9,0,1,4,0,3
"Kevin Mirallas",0,2,6,2,0,2,0,1,2,0,0,4,0,1
"Leighton Baines",0,5,8,4,2,0,1,0,0,1,3,4,0,0
"Maarten Stekelenburg",1,3,0,1,1,0,0,1,3,0,0,0,0,0
"Mason Holgate",2,2,2,7,2,0,1,0,6,0,2,0,1,7
"Phil Jagielka",1,7,12,10,1,2,2,4,0,0,2,3,0,2
"Ramiro Funes Mori",0,0,0,0,0,2,0,0,0,0,0,0,0,0
"Romelu Lukaku",3,0,2,0,1,1,0,2,0,0,0,3,1,3
"Ross Barkley",1,1,3,5,3,2,0,2,2,0,2,0,0,0
"Tom Davies",2,0,1,0,0,0,0,0,0,0,0,0,0,0
"Yannick Bolasie",1,1,1,3,0,0,0,4,2,0,0,4,0,0
