"Adam Smith",0,3,1,1,0,4,3,3,2,1,0,10,1
"Andrew Surman",5,0,2,0,2,0,7,1,4,0,2,1,2
"Artur Boruc",1,0,0,0,1,0,1,0,0,0,0,1,3
"Callum Wilson",1,2,0,0,0,0,0,1,1,0,2,0,0
"Charlie Daniels",1,5,0,1,0,1,7,0,0,0,4,0,3
"Dan Gosling",1,0,0,0,0,0,0,0,1,1,0,1,2
"Harry Arter",2,3,1,0,8,0,0,3,4,1,3,1,3
"Jordon Ibe",2,1,0,1,0,0,0,0,3,0,2,0,0
"Joshua King",1,3,0,0,0,1,3,3,0,1,2,1,0
"Lewis Grabban",0,1,0,0,0,1,1,0,0,0,0,1,0
"Ryan Fraser",0,1,0,3,6,0,1,0,1,0,0,1,3
"Simon Francis",6,2,5,0,0,1,4,3,1,0,2,0,3
"Steve Cook",0,1,1,1,4,1,3,0,0,0,1,6,0
