"Cédric Soares",0,1,0,2,0,3,4,5,1,10,0,2,0
"Dusan Tadic",3,0,0,3,0,0,0,0,3,4,7,2,0
"Fraser Forster",0,0,0,0,0,0,0,0,0,0,1,1,0
"James Ward-Prowse",1,2,0,0,1,0,2,3,5,6,10,2,1
"Jay Rodriguez",0,0,0,0,0,0,0,1,0,1,0,0,1
"Josh Sims",2,0,0,0,0,0,0,0,0,1,0,0,0
"Maya Yoshida",2,0,2,1,0,1,0,0,3,1,2,3,4
"Nathan Redmond",3,1,0,2,0,0,2,0,4,5,3,1,0
"Oriol Romeu",5,1,0,5,1,0,3,2,0,5,5,1,2
"Pierre-Emile Højbjerg",8,7,0,5,0,0,4,6,7,0,6,1,4
"Ryan Bertrand",0,10,0,12,0,0,0,4,3,2,0,2,7
"Shane Long",1,2,0,2,0,0,0,1,2,3,3,0,0
"Virgil van Dijk",0,1,0,3,0,1,2,1,6,4,5,3,0
