"Adam Smith",0,2,0,7,0,1,10,11,0,1,0,1,8,1
"Artur Boruc",0,0,1,1,0,2,0,0,0,0,0,0,4,1
"Charlie Daniels",0,1,0,12,1,2,1,1,1,6,0,2,0,7
"Harry Arter",10,3,10,0,1,2,3,9,4,9,1,3,6,8
"Jordon Ibe",1,0,0,1,0,0,0,2,0,0,1,0,1,0
"Joshua King",0,0,1,3,0,0,3,1,2,1,0,2,2,0
"Junior Stanislas",7,0,0,3,0,4,0,5,3,0,0,0,4,2
"Lewis Cook",12,0,7,6,1,2,7,0,0,1,0,2,5,5
"Lys Mousset",1,0,1,3,0,1,3,0,0,1,0,0,1,0
"Marc Pugh",0,0,4,5,0,1,1,2,3,0,0,1,1,0
"Max Gradel",1,0,0,0,0,1,0,1,0,0,0,1,0,0
"Ryan Fraser",1,0,2,2,0,0,0,1,0,1,2,0,0,0
"Simon Francis",10,1,3,5,2,1,4,5,0,1,0,0,0,20
"Steve Cook",3,3,3,16,0,0,1,9,0,1,0,0,12,0
