"Abel Hernández",0,2,0,0,0,0,0,0,0,2,0,1,2,0
"Ahmed El Mohamady",2,0,2,0,1,0,0,7,0,6,1,1,2,0
"Alfred N'Diaye",2,3,0,2,2,2,0,2,0,2,0,0,2,0
"Andrea Ranocchia",1,1,2,0,3,4,3,6,0,0,0,0,4,0
"Andrew Robertson",1,0,3,2,0,3,1,5,3,0,0,5,11,1
"Curtis Davies",0,0,1,9,3,0,1,1,0,0,0,1,8,0
"Eldin Jakupovic",1,2,0,0,1,2,0,0,0,0,0,0,0,0
"Harry Maguire",2,5,4,6,3,2,3,0,1,3,1,0,1,1
"Kamil Grosicki",0,0,0,0,6,0,1,1,0,0,0,0,0,0
"Lazar Markovic",2,4,2,1,1,0,0,1,1,0,2,2,4,0
"Markus Henriksen",0,1,0,0,0,0,0,0,0,3,0,0,0,0
"Oumar Niasse",0,0,2,0,1,0,0,0,0,1,0,0,6,0
"Sam Clucas",1,3,1,2,10,5,1,3,1,2,0,5,0,0
"Shaun Maloney",0,0,0,0,2,0,0,0,0,0,0,0,0,0
