"Christian Kabasele",0,1,0,0,1,0,0,0,0,0,0,1,0,0
"Daryl Janmaat",1,0,1,1,0,1,0,5,0,0,1,2,5,0
"Etienne Capoue",0,1,0,0,5,1,1,5,5,8,5,3,8,8
"Heurelho Gomes",0,0,0,0,1,1,3,1,0,0,2,0,0,2
"José Holebas",0,0,7,0,0,0,11,1,3,1,0,1,3,3
"Juan Zuñiga",0,2,0,0,0,0,0,0,0,0,0,0,2,0
"Miguel Britos",0,0,6,2,5,0,0,0,0,0,11,3,2,0
"Nordin Amrabat",0,2,7,2,2,0,1,0,0,3,1,0,6,6
"Odion Ighalo",0,0,4,0,0,1,0,1,0,4,0,3,2,0
"Roberto Pereyra",0,3,8,0,6,0,1,4,3,0,1,2,5,0
"Sebastian Prödl",0,4,5,2,0,0,6,3,0,3,0,2,0,9
"Troy Deeney",0,1,2,0,2,1,0,2,1,4,0,0,1,0
"Valon Behrami",1,3,12,0,3,0,3,6,3,6,2,2,0,4
"Younes Kaboul",0,0,3,2,0,0,3,9,0,1,7,2,4,0
