"Ahmed Musa",0,1,1,1,1,1,0,1,0,2,0,0,1,0
"Christian Fuchs",3,0,6,7,0,2,3,4,3,2,3,0,5,3
"Daniel Amartey",1,5,0,9,4,0,1,0,2,4,4,0,6,5
"Daniel Drinkwater",1,6,9,0,5,2,0,0,4,9,6,0,3,2
"Danny Simpson",0,0,3,2,0,1,2,0,0,4,1,0,3,4
"Jamie Vardy",0,2,2,2,0,0,1,0,0,1,0,0,1,0
"Kasper Schmeichel",0,0,2,0,0,0,0,0,0,0,3,0,1,0
"Leonardo Ulloa",2,2,0,4,0,0,0,0,0,2,0,0,0,0
"Marc Albrighton",0,1,2,1,3,2,0,0,0,1,0,0,3,0
"Riyad Mahrez",0,1,2,8,2,3,1,3,1,0,2,0,1,1
"Robert Huth",0,6,1,2,0,0,4,0,0,0,0,1,1,5
"Ron-Robert Zieler",0,0,0,0,0,0,0,2,0,0,0,0,0,0
"Shinji Okazaki",0,3,0,5,3,2,0,0,3,5,1,0,0,0
"Wes Morgan",0,1,3,7,1,1,2,0,0,2,1,0,1,0
