"Adam Lallana",0,2,2,0,2,0,1,2,0,2,3,0,1,0
"Alberto Moreno",4,0,10,1,3,1,0,2,3,0,8,1,3,0
"Dejan Lovren",0,10,0,0,8,0,9,6,8,1,2,1,1,0
"Divock Origi",0,0,0,0,0,1,0,0,0,0,0,0,0,0
"Emre Can",4,2,4,0,0,1,3,7,2,3,10,0,3,3
"Georginio Wijnaldum",0,0,1,0,2,0,0,2,0,0,0,0,1,0
"Joel Matip",1,2,10,0,6,0,0,7,8,5,2,0,3,3
"Jordan Henderson",2,3,7,0,4,1,9,0,1,6,5,0,3,11
"Loris Karius",0,1,4,0,1,0,6,0,0,1,0,0,0,0
"Nathaniel Clyne",1,1,0,0,4,2,6,5,0,0,0,0,3,6
"Philippe Coutinho",3,6,3,0,2,0,3,2,0,0,0,0,4,4
"Ragnar Klavan",0,1,0,0,0,0,0,1,1,0,0,0,0,0
"Roberto Firmino",3,2,4,0,4,1,0,3,0,2,5,0,0,1
"Sadio Mané",1,0,0,0,3,0,2,5,0,6,1,0,4,0
