"Adam Clayton",0,5,0,1,1,3,0,2,1,1,1,0,2
"Adam Forshaw",1,0,0,1,3,1,0,1,3,1,3,1,0
"Adama Traoré",0,0,0,0,0,0,0,0,0,1,1,0,0
"Álvaro Negredo",3,1,0,0,3,0,0,0,1,0,2,0,1
"Antonio Barragán",3,2,2,4,0,1,1,3,0,0,0,0,2
"Ben Gibson",0,0,0,0,0,0,0,0,3,2,1,1,3
"Cristhian Stuani",0,0,0,0,0,0,0,0,0,0,0,0,0
"Daniel Ayala",1,0,1,1,0,1,0,0,0,1,0,0,2
"Gastón Ramírez",0,1,2,0,2,0,0,0,0,1,1,0,0
"George Friend",3,0,0,3,0,2,0,0,0,0,0,0,0
"Marten de Roon",0,1,1,4,1,2,0,0,2,1,0,0,0
"Stewart Downing",0,0,0,0,0,0,0,0,0,0,0,0,0
"Víctor Valdés",1,0,1,2,1,1,0,1,0,0,0,0,0
