"Cédric Soares",0,6,0,4,19,4,0,3,3,1,0,1,10
"Dusan Tadic",6,0,0,0,7,2,2,4,7,0,10,0,2
"Fraser Forster",0,0,0,0,2,0,0,0,0,0,1,1,0
"Jack Stephens",6,0,6,0,1,0,4,1,3,0,0,0,3
"James Ward-Prowse",10,6,0,1,0,0,1,2,5,0,0,1,10
"Manolo Gabbiadini",1,5,0,0,3,0,1,0,2,0,0,0,1
"Maya Yoshida",2,4,6,5,0,0,0,2,3,0,9,0,2
"Nathan Redmond",3,6,0,1,2,4,1,0,5,0,9,0,4
"Oriol Romeu",5,5,0,3,3,0,6,12,0,1,8,0,13
"Pierre-Emile Højbjerg",1,0,0,0,0,0,1,0,0,0,0,0,0
"Ryan Bertrand",1,8,1,1,0,0,7,14,7,0,0,1,3
"Shane Long",0,0,0,0,2,0,0,2,0,0,0,0,0
"Steven Davis",11,5,1,5,7,4,3,2,11,0,5,1,0
