"Aleksandar Kolarov",0,1,10,2,6,5,0,1,0,6,6,0,2,4
"Bacary Sagna",3,0,11,7,3,0,0,0,3,19,1,5,3,6
"Claudio Bravo",11,2,0,1,5,0,0,0,0,1,0,0,0,0
"Fernandinho",1,3,2,0,2,6,0,0,2,3,3,1,2,4
"Fernando",9,11,1,6,0,5,1,1,2,2,3,1,1,6
"Gaël Clichy",8,0,1,2,3,0,0,1,0,1,9,2,7,3
"Jesús Navas",0,0,0,0,0,0,0,2,0,0,0,0,0,1
"Kevin De Bruyne",0,2,0,0,2,0,2,0,0,0,0,0,2,0
"Leroy Sané",0,3,0,2,0,1,0,1,0,1,1,0,1,2
"Nicolás Otamendi",8,13,3,2,8,1,0,1,0,0,4,1,1,4
"Nolito",3,1,0,3,5,5,0,0,1,2,0,2,1,3
"Raheem Sterling",0,4,0,2,1,1,0,0,0,3,0,0,2,3
"Sergio Agüero",1,0,0,3,3,3,0,2,3,0,0,1,0,5
"Yaya Touré",1,6,0,4,5,3,0,2,1,1,6,5,4,0
