"César Azpilicueta",0,6,6,0,2,1,0,0,17,5,0,5,8
"Cesc Fàbregas",3,0,0,6,6,1,0,1,10,4,0,0,5
"David Luiz",9,0,0,0,2,6,0,1,4,3,0,4,0
"Diego Costa",0,2,1,0,4,0,0,4,3,1,1,0,0
"Eden Hazard",3,10,0,5,0,2,0,4,5,1,1,0,4
"Gary Cahill",1,1,3,1,7,0,0,2,1,9,0,3,0
"John Terry",0,0,0,0,0,0,0,0,1,0,0,0,0
"Marcos Alonso",1,3,2,2,7,5,0,0,0,4,0,1,2
"N'Golo Kanté",18,8,3,1,5,2,0,3,0,11,0,1,4
"Nemanja Matic",4,3,7,1,7,4,0,7,3,0,2,1,1
"Pedro",0,0,0,2,1,0,0,0,0,1,0,0,0
"Thibaut Courtois",3,1,0,1,0,0,0,3,0,0,0,0,0
"Victor Moses",11,4,0,0,3,0,0,0,7,3,0,0,0
