"Christian Eriksen",0,3,5,5,0,1,0,3,12,3,6,0,10,0
"Danny Rose",4,0,6,2,2,3,0,5,1,9,3,3,7,0
"Dele Alli",8,7,0,0,1,0,1,1,1,4,4,0,2,0
"Eric Dier",5,3,1,0,0,4,2,8,14,7,4,0,10,0
"Harry Kane",1,2,1,0,0,0,0,1,1,1,0,0,0,0
"Harry Winks",0,0,0,1,0,0,1,2,5,0,0,0,2,0
"Hugo Lloris",0,0,1,8,0,0,0,7,2,0,0,0,0,0
"Jan Vertonghen",3,5,3,10,1,1,8,0,2,11,0,0,8,0
"Kyle Walker",13,0,2,7,1,3,4,4,0,6,5,0,10,1
"Mousa Dembélé",3,14,5,8,0,0,0,3,5,0,2,0,15,0
"Moussa Sissoko",6,4,3,5,1,0,0,0,4,1,0,0,2,0
"Son Heung-Min",1,1,1,0,0,0,0,0,0,1,0,0,0,0
"Victor Wanyama",10,6,4,12,3,0,2,10,10,10,5,1,0,0
"Vincent Janssen",0,0,0,0,0,0,0,0,1,0,0,0,0,0
