"Adlène Guédioura",0,0,0,1,0,0,11,1,2,1,1,1,2
"Ben Watson",0,0,0,0,0,0,0,0,2,0,0,0,0
"Daryl Janmaat",0,0,0,0,0,1,0,1,1,0,0,0,0
"Etienne Capoue",1,0,0,0,0,6,2,3,1,2,6,2,3
"Heurelho Gomes",0,0,0,0,0,0,0,0,0,2,1,1,0
"José Holebas",0,0,1,5,0,0,0,4,0,2,2,5,2
"Juan Zuñiga",9,0,0,1,1,1,0,1,9,3,1,3,2
"Miguel Britos",2,1,0,4,2,3,0,0,0,6,0,2,1
"Nordin Amrabat",4,0,1,2,0,0,3,2,0,2,2,2,1
"Sebastian Prödl",6,0,0,2,3,4,9,1,2,0,1,4,1
"Stefano Okaka",2,0,1,1,0,1,1,0,0,1,0,1,0
"Troy Deeney",2,0,1,3,0,1,0,0,2,2,2,0,1
"Valon Behrami",1,0,1,5,0,0,1,2,2,2,1,2,0
