"Aleksandar Kolarov",0,4,5,13,8,10,0,6,0,1,2,3,0,2
"Claudio Bravo",3,0,0,1,0,0,0,5,0,1,0,4,0,0
"David Silva",3,0,0,5,3,4,6,1,1,0,5,2,2,2
"Fernandinho",3,0,7,0,4,8,7,1,0,11,2,8,0,1
"Gaël Clichy",5,1,1,4,0,0,1,1,0,1,0,0,0,0
"Ilkay Gündogan",10,0,4,6,0,0,0,2,0,3,4,8,0,0
"Jesús Navas",2,1,4,2,0,0,0,1,0,13,0,14,1,1
"John Stones",11,7,1,0,0,3,1,0,0,0,1,6,0,0
"Kelechi Iheanacho",0,0,0,0,0,0,1,0,0,0,0,0,0,0
"Kevin De Bruyne",4,0,5,6,0,1,6,1,1,0,0,4,7,2
"Leroy Sané",3,1,4,3,0,4,2,0,0,0,0,1,0,0
"Nicolás Otamendi",7,2,10,12,0,3,9,4,0,11,1,0,1,1
"Sergio Agüero",0,0,1,0,0,4,0,0,1,4,3,1,0,1
"Yaya Touré",2,0,3,0,1,0,1,1,0,2,0,0,0,0
