"Adam Clayton",0,2,3,3,5,1,0,2,5,0,1,3,1
"Adam Forshaw",5,0,1,0,3,3,0,1,6,0,4,1,2
"Albert Adomah",0,0,0,0,1,0,0,4,1,0,5,0,0
"Álvaro Negredo",1,2,0,0,0,0,1,1,0,1,1,8,0
"Antonio Barragán",4,7,2,0,0,3,1,2,2,1,7,0,1
"Ben Gibson",1,1,0,0,4,0,0,1,2,0,0,3,3
"David Nugent",0,0,0,1,0,0,0,0,0,0,0,0,0
"Gastón Ramírez",4,3,1,2,0,0,0,0,2,0,1,2,0
"George Friend",3,5,1,4,1,5,2,2,0,1,1,12,2
"Marten de Roon",1,0,0,0,1,0,0,1,0,0,0,1,0
"Nsue",1,2,6,2,7,2,0,3,0,0,0,0,1
"Stewart Downing",2,0,0,2,1,3,0,2,11,1,0,0,1
"Víctor Valdés",0,0,0,3,2,0,0,0,0,0,1,0,0
