"Adnan Januzaj",0,1,0,1,0,0,0,1,0,0,0,0,1,0
"Donald Love",2,0,2,1,4,0,3,1,0,1,0,1,0,0
"Duncan Watmore",0,2,0,2,0,1,0,1,0,0,0,0,0,0
"Fabio Borini",0,1,2,0,3,1,1,0,0,0,2,1,1,1
"Jack Rodwell",0,0,1,2,0,0,1,2,1,0,0,0,0,0
"Jermain Defoe",0,0,1,0,1,0,0,0,0,0,1,0,0,0
"John O'Shea",0,0,0,0,1,0,0,1,0,0,1,0,0,1
"Lamine Koné",0,1,0,1,0,0,0,0,0,1,1,3,0,1
"Lynden Gooch",0,0,0,1,0,0,1,0,0,0,0,0,0,1
"Paddy McNair",0,0,0,0,0,0,0,0,0,0,0,0,0,0
"Patrick van Aanholt",0,0,0,1,2,1,3,0,3,0,0,1,0,2
"Vito Mannone",0,0,2,0,0,0,0,0,0,0,1,0,0,1
"Wahbi Khazri",0,0,0,0,0,0,1,0,0,0,0,2,0,0
"Younes Kaboul",0,0,0,1,0,0,0,0,0,0,3,4,1,0
