"Andre Gray",0,1,0,0,0,1,3,1,0,1,2,1,0
"Ashley Barnes",0,0,0,0,0,1,0,0,0,0,0,0,0
"Ben Mee",1,0,0,0,3,1,2,7,1,1,8,4,3
"George Boyd",0,0,0,0,3,0,1,1,0,2,1,0,0
"Jeff Hendrick",1,0,2,2,0,1,4,10,1,4,4,1,0
"Johann Berg Gudmundsson",0,2,2,0,0,0,1,0,0,1,4,0,0
"Matthew Lowton",0,1,2,3,3,1,0,13,1,2,0,5,2
"Michael Keane",0,1,12,0,6,2,9,0,1,4,0,0,4
"Sam Vokes",1,0,2,0,1,0,0,0,0,0,0,0,0
"Scott Arfield",3,0,0,1,5,0,2,2,0,0,4,1,1
"Stephen Ward",2,3,8,1,4,4,0,3,2,5,0,3,2
"Steven Defour",0,0,0,0,1,0,8,1,1,1,2,0,1
"Tom Heaton",0,0,0,0,0,0,0,0,1,1,1,1,0
