"Arouna Koné",0,0,0,1,0,0,0,0,0,0,0,0,2,0
"Ashley Williams",1,0,0,1,1,1,3,7,4,9,4,2,0,0
"Enner Valencia",0,1,0,0,1,0,1,0,0,1,0,0,1,1
"Gareth Barry",0,2,1,0,0,0,3,6,2,4,2,2,4,0
"Idrissa Gueye",0,1,2,0,0,0,1,4,4,9,0,2,2,1
"Joel Robles",0,2,0,0,0,0,0,0,0,0,0,2,0,0
"Kevin Mirallas",0,2,1,1,2,0,0,4,3,2,0,2,3,1
"Leighton Baines",1,8,1,4,3,1,6,0,1,6,2,4,5,1
"Mason Holgate",0,1,1,2,7,0,3,2,0,4,5,2,3,0
"Morgan Schneiderlin",0,6,0,8,9,1,4,8,6,0,3,3,6,1
"Phil Jagielka",0,7,0,1,1,1,1,1,3,8,0,0,2,1
"Romelu Lukaku",0,2,1,1,2,0,2,1,3,2,1,0,3,1
"Ross Barkley",0,1,2,6,2,0,0,2,3,6,1,3,0,0
"Tom Davies",0,0,0,0,3,0,3,0,0,0,0,0,0,0
