"Adam Clayton",0,4,1,1,7,8,7,0,4,3,7,3,0
"Adam Forshaw",5,0,0,2,6,3,6,0,2,3,2,1,0
"Adama Traoré",2,0,0,0,0,0,0,0,0,1,2,0,0
"Álvaro Negredo",2,3,1,0,5,2,0,1,1,3,2,0,0
"Antonio Barragán",7,3,7,7,0,2,11,1,0,1,7,4,0
"Ben Gibson",6,6,0,1,2,0,13,0,11,1,2,5,0
"Calum Chambers",1,0,2,6,15,12,0,0,0,1,1,6,0
"Cristhian Stuani",0,0,0,3,3,0,0,0,0,0,1,0,0
"Fabio",4,7,0,1,2,9,0,0,0,9,4,0,0
"Gastón Ramírez",0,2,0,2,2,1,1,0,4,0,2,0,0
"Marten de Roon",2,3,2,5,4,3,1,3,4,2,0,1,0
"Víctor Valdés",3,0,0,5,2,4,0,1,0,0,0,0,0
"Viktor Fischer",0,1,0,0,0,0,0,0,0,0,0,0,0
