"Andre Gray",0,1,1,1,0,2,1,2,1,2,6,2,0
"Ashley Barnes",1,0,0,1,1,2,1,0,0,0,0,0,1
"Ben Mee",0,1,0,0,4,9,1,6,0,0,2,5,3
"George Boyd",1,0,1,0,2,1,1,0,0,0,0,0,0
"Jeff Hendrick",2,1,4,0,0,5,6,2,1,0,3,8,0
"Joey Barton",5,1,6,1,9,0,8,3,0,0,1,5,1
"Matthew Lowton",0,1,2,4,4,7,0,3,0,2,0,0,1
"Michael Keane",1,1,4,0,3,1,4,0,0,1,1,0,3
"Robbie Brady",3,0,0,0,0,0,0,0,0,0,0,0,0
"Sam Vokes",2,0,0,0,0,1,0,0,1,0,1,0,0
"Scott Arfield",5,1,0,0,0,2,2,1,0,0,0,9,0
"Stephen Ward",4,1,8,1,3,4,1,2,1,2,3,0,1
"Tom Heaton",1,1,0,0,0,0,0,1,1,2,1,0,0
