"Adam Clayton",0,5,0,1,4,6,4,3,1,2,0,5,0,2
"Adam Forshaw",3,0,0,0,3,3,7,2,0,3,0,1,0,1
"Adama Traoré",2,2,0,1,4,1,2,4,0,2,1,3,2,1
"Adlène Guédioura",1,0,1,0,0,0,0,0,0,0,2,0,0,0
"Álvaro Negredo",1,1,1,1,0,1,2,1,2,5,1,5,0,0
"Ben Gibson",4,3,3,1,2,0,12,1,1,2,1,0,0,4
"Bernardo Espinosa",5,10,3,2,3,8,0,25,2,1,0,3,0,7
"Calum Chambers",2,2,7,0,4,4,19,0,3,0,1,1,1,2
"Cristhian Stuani",0,2,0,1,0,0,0,0,0,3,0,0,0,0
"Fabio",1,2,5,0,5,4,0,0,1,0,0,3,2,1
"Gastón Ramírez",1,0,1,0,0,0,0,0,0,0,0,3,0,0
"Marten de Roon",3,3,3,2,3,2,3,1,1,0,2,0,0,0
"Rudy Gestede",0,0,1,0,0,0,0,1,0,1,1,0,0,0
"Víctor Valdés",1,0,1,0,1,0,4,1,0,0,0,0,0,0
