"Cédric Soares",0,0,0,0,0,0,0,0,0,0,0,0,0,0
"Dusan Tadic",0,0,0,1,2,0,3,2,0,0,0,1,0,0
"Fraser Forster",0,0,0,0,0,0,0,0,0,0,0,1,0,1
"Jack Stephens",0,5,0,0,5,0,3,3,0,2,3,0,0,0
"James Ward-Prowse",0,3,1,2,0,3,4,7,5,2,2,8,2,1
"Jay Rodriguez",0,0,0,1,1,0,0,0,0,2,1,1,0,0
"Jordy Clasie",0,2,1,3,8,1,0,4,3,0,3,5,0,0
"José Fonte",1,1,2,10,2,0,2,0,4,0,8,1,0,1
"Maya Yoshida",0,1,2,0,1,0,2,5,0,3,3,12,0,0
"Nathan Redmond",0,2,0,4,3,1,2,0,0,0,3,3,0,0
"Oriol Romeu",0,1,0,2,8,0,3,3,3,2,0,2,0,2
"Sam McQueen",0,0,0,1,7,5,5,2,5,8,2,0,0,2
"Shane Long",0,0,0,0,0,0,0,1,0,0,0,0,0,1
"Sofiane Boufal",0,0,0,2,2,0,0,0,1,0,3,1,1,0
