"Aleksandar Kolarov",0,0,3,1,4,3,3,6,6,20,2,2,2,5
"Bacary Sagna",1,0,5,0,2,3,9,5,4,2,7,1,3,12
"David Silva",5,5,0,0,1,4,5,4,4,3,6,0,1,9
"Fabian Delph",3,0,0,0,1,1,0,0,0,1,0,2,2,1
"Fernandinho",2,1,1,0,0,3,3,0,3,2,1,1,1,4
"Gabriel Jesus",1,2,2,1,0,0,0,3,1,3,3,1,0,6
"John Stones",1,11,8,0,2,0,0,4,0,11,5,0,10,14
"Kevin De Bruyne",2,7,8,0,0,4,3,0,5,4,2,0,0,3
"Leroy Sané",2,4,5,0,1,0,2,5,0,3,1,0,0,2
"Nicolás Otamendi",21,2,3,2,3,3,10,5,1,0,0,0,9,18
"Raheem Sterling",1,3,9,0,0,4,4,4,0,1,0,0,0,2
"Sergio Agüero",0,0,1,3,1,1,0,0,0,1,0,0,0,1
"Willy Caballero",1,1,0,0,2,0,10,1,0,7,0,0,0,5
"Yaya Touré",12,7,10,2,5,4,9,8,2,13,2,3,4,0
