"Alfie Mawson",0,1,1,0,6,3,5,1,2,3,0,1,4,1
"Fernando Llorente",1,0,6,0,0,1,1,2,2,0,1,1,1,0
"Gylfi Sigurdsson",0,0,0,0,1,4,4,6,3,0,1,2,6,0
"Jack Cork",1,0,0,0,2,0,4,0,0,0,0,1,3,1
"Jordi Amat",7,3,1,3,0,2,4,0,1,3,3,2,0,1
"Ki Sung-yueng",6,2,1,2,5,0,5,2,0,1,2,4,8,0
"Kyle Naughton",2,5,2,2,4,5,0,6,2,1,4,10,1,2
"Leon Britton",1,0,4,0,2,1,6,0,3,0,0,6,4,1
"Leroy Fer",1,0,2,0,2,1,1,3,0,0,0,0,4,0
"Lukasz Fabianski",3,0,0,0,3,2,1,0,0,0,0,0,0,0
"Modou Barrow",0,0,3,2,0,1,3,0,0,0,0,0,2,0
"Nathan Dyer",0,1,6,1,1,4,6,3,0,0,1,0,5,0
"Neil Taylor",3,3,1,1,1,8,2,2,4,2,2,7,0,0
"Oliver McBurnie",0,0,1,1,0,1,2,1,0,0,1,0,1,0
