"Andre Gray",0,0,1,0,0,0,0,1,1,0,0,2,0
"Ashley Barnes",0,0,4,0,2,1,0,0,0,0,1,0,0
"Ashley Westwood",1,0,0,3,3,2,4,3,0,0,0,1,1
"Ben Mee",0,1,0,0,1,1,0,2,0,0,0,8,1
"George Boyd",2,0,1,0,0,5,7,0,0,0,0,1,0
"Joey Barton",1,2,4,2,2,0,5,0,1,0,0,6,1
"Matthew Lowton",0,2,5,1,8,3,0,1,0,0,0,0,3
"Michael Keane",0,1,1,4,1,2,3,0,0,0,1,0,0
"Robbie Brady",0,0,0,0,0,1,1,0,0,0,0,1,0
"Sam Vokes",0,1,1,0,1,0,0,0,0,0,0,0,0
"Scott Arfield",1,0,0,1,0,1,0,0,0,0,0,1,0
"Stephen Ward",0,2,4,2,1,3,0,1,3,1,0,0,1
"Tom Heaton",1,1,0,0,0,0,0,1,0,0,0,0,0
