"Bruno Martins Indi",0,1,7,1,6,7,2,9,3,0,6,1,0
"Charlie Adam",1,0,0,1,0,0,0,1,1,1,0,0,1
"Geoff Cameron",4,1,0,10,4,0,1,4,2,0,3,2,8
"Glen Johnson",0,1,10,0,4,1,2,1,0,0,4,3,21
"Glenn Whelan",6,0,4,7,0,1,5,11,5,0,4,4,7
"Jack Butland",1,0,0,1,4,0,0,1,0,2,2,0,0
"Joe Allen",0,0,2,3,5,0,0,5,3,0,1,0,5
"Marc Muniesa",10,1,3,0,8,1,5,0,9,0,1,2,3
"Marko Arnautovic",4,0,2,0,1,0,4,4,0,0,0,0,4
"Peter Crouch",0,0,0,1,1,0,0,0,0,0,0,1,0
"Ryan Shawcross",4,1,3,7,4,2,0,0,1,1,0,0,1
"Saido Berahino",2,1,2,1,2,0,0,1,1,0,2,0,1
"Xherdan Shaqiri",4,1,3,13,7,0,10,3,2,2,0,3,0
