"Ander Herrera",0,0,19,5,1,1,3,13,2,0,18,7,8,4
"Anthony Martial",1,0,0,4,0,1,0,0,0,0,0,0,0,0
"Antonio Valencia",19,0,0,0,2,2,1,10,2,3,4,1,6,2
"Daley Blind",3,3,1,0,0,1,7,4,8,0,4,7,2,6
"David de Gea",2,0,0,0,0,1,0,0,3,0,0,0,1,1
"Henrikh Mkhitaryan",3,1,4,0,0,0,0,0,0,0,2,1,0,0
"Jesse Lingard",3,0,1,6,0,0,0,2,0,0,3,5,2,6
"Juan Mata",10,0,7,3,1,1,3,0,0,0,6,7,1,6
"Marcos Rojo",1,1,1,6,2,0,2,0,0,0,4,9,3,3
"Marouane Fellaini",0,0,1,1,0,1,0,0,0,0,0,1,2,0
"Michael Carrick",19,0,4,3,1,1,5,6,5,1,0,13,7,1
"Paul Pogba",9,1,3,4,0,1,8,4,4,1,14,0,1,6
"Phil Jones",9,0,8,2,4,1,0,1,7,0,6,2,0,1
"Zlatan Ibrahimovic",6,0,2,4,0,0,3,7,0,1,1,4,0,0
