"Alex Iwobi",0,0,4,0,6,1,0,5,6,5,0,8,4,3
"Alex Oxlade-Chamberlain",0,0,0,0,0,1,0,0,0,0,0,0,0,0
"Alexis Sánchez",1,0,0,1,3,3,0,0,5,3,0,5,0,2
"Francis Coquelin",0,0,0,0,0,0,0,0,0,3,0,0,0,0
"Granit Xhaka",7,0,8,0,0,5,0,2,6,3,1,8,7,0
"Héctor Bellerín",0,0,1,0,7,0,0,1,3,1,2,4,5,6
"Kieran Gibbs",0,0,0,1,0,0,0,0,0,0,0,1,0,0
"Laurent Koscielny",1,0,0,1,3,2,0,0,4,14,4,1,14,1
"Mesut Özil",8,0,6,0,3,2,0,3,0,3,0,9,0,1
"Nacho Monreal",13,0,5,0,4,1,0,7,9,0,2,5,1,1
"Petr Cech",0,0,1,0,3,1,0,5,0,0,0,0,3,0
"Santiago Cazorla",7,0,4,0,3,3,0,2,8,4,0,0,2,4
"Shkodran Mustafi",3,0,0,0,6,5,0,10,1,0,6,3,0,1
"Theo Walcott",0,0,2,0,0,6,1,2,4,1,0,4,0,0
