"Aaron Cresswell",0,0,3,9,1,1,10,0,3,0,2,0,2
"Adrián",0,0,1,1,2,1,0,0,3,0,0,0,0
"André Ayew",2,0,0,1,0,0,1,0,0,5,1,0,2
"Angelo Ogbonna",8,4,2,0,3,0,5,1,9,1,6,2,4
"Ashley Fletcher",2,0,0,2,0,0,1,1,0,0,1,2,0
"Cheikhou Kouyaté",0,1,1,1,0,0,1,0,14,3,8,8,7
"Dimitri Payet",4,0,1,3,2,4,0,0,0,4,3,1,7
"Edimilson Fernandes",0,1,0,1,0,3,0,0,0,0,3,0,1
"James Collins",0,1,1,13,0,13,3,2,0,4,13,1,4
"Manuel Lanzini",1,0,2,1,0,4,3,0,0,0,4,2,4
"Mark Noble",4,1,0,6,1,7,7,4,8,0,0,3,8
"Michail Antonio",0,0,0,1,1,7,4,0,4,3,2,0,2
"Pedro Obiang",2,0,6,3,0,5,3,1,4,8,8,4,0
