"Aiden O'Neill",0,1,3,2,1,4,3,4,5,0,0,2,0,1
"Andre Gray",1,0,0,1,0,0,2,1,1,1,2,0,2,0
"Ben Mee",2,0,0,7,2,1,2,0,4,1,1,7,3,3
"Dean Marney",1,2,7,0,1,0,0,7,4,0,3,3,12,1
"George Boyd",4,2,1,3,0,1,0,4,1,0,0,3,2,0
"James Tarkowski",3,0,1,0,1,0,0,2,1,1,0,1,0,0
"Johann Berg Gudmundsson",2,0,2,0,0,0,0,1,0,1,0,4,0,0
"Matthew Lowton",6,0,0,7,3,1,1,0,3,2,1,1,1,2
"Michael Keane",2,0,5,11,2,3,0,1,0,0,0,2,3,0
"Sam Vokes",0,5,0,1,1,0,0,0,0,0,1,2,0,0
"Scott Arfield",0,0,2,2,0,0,0,0,2,0,0,4,1,0
"Stephen Ward",3,2,4,2,3,1,3,2,1,3,1,0,3,1
"Steven Defour",0,0,4,10,4,0,0,1,3,1,5,3,0,0
"Tom Heaton",0,0,0,0,0,0,1,0,1,0,0,0,0,0
