"Adam Clayton",0,4,0,1,3,1,1,2,1,3,0,0,2
"Adam Forshaw",2,0,0,2,0,0,2,0,1,0,3,0,4
"Adama Traoré",0,0,0,1,0,0,0,0,0,0,0,1,0
"Álvaro Negredo",1,4,0,0,0,0,1,1,0,0,3,0,0
"Ben Gibson",2,0,0,0,0,4,2,0,0,2,0,0,2
"Brad Guzan",0,0,0,1,0,0,0,0,1,2,0,0,1
"Calum Chambers",1,0,0,0,1,2,0,1,2,0,1,0,0
"Cristhian Stuani",1,1,0,3,0,0,0,0,6,0,5,0,0
"Fabio",0,2,0,2,0,0,2,4,0,0,5,1,1
"George Friend",0,3,0,2,3,1,0,0,0,0,1,0,5
"Marten de Roon",1,2,0,1,1,0,1,9,1,0,0,1,3
"Rudy Gestede",0,1,2,0,0,0,0,0,1,0,4,0,0
"Stewart Downing",2,1,0,0,4,1,0,0,0,5,0,0,0
