"César Azpilicueta",0,2,15,3,1,0,0,7,0,1,8,4,4
"Cesc Fàbregas",1,0,0,0,0,0,0,0,0,1,0,0,1
"David Luiz",9,0,0,3,2,5,1,2,0,6,3,1,1
"Diego Costa",3,1,0,0,0,1,2,3,0,2,3,0,0
"Eden Hazard",0,0,0,2,0,1,2,2,0,3,2,0,0
"Gary Cahill",0,0,5,2,2,0,5,3,0,4,1,2,1
"Marcos Alonso",0,1,3,5,2,4,0,2,0,5,4,0,0
"N'Golo Kanté",3,0,4,2,4,1,1,0,0,6,9,0,5
"Nathan Aké",1,0,0,0,0,0,1,0,0,1,0,0,1
"Nemanja Matic",7,1,0,3,2,4,8,9,0,0,2,0,1
"Pedro",6,0,3,4,1,1,4,2,0,4,0,0,3
"Thibaut Courtois",3,0,2,0,0,3,0,0,0,2,0,0,0
"Victor Moses",8,2,2,0,0,0,0,5,0,1,3,3,0
