"Billy Jones",0,4,7,3,1,1,1,2,0,9,1,0,3
"Darron Gibson",5,0,4,4,0,3,2,10,0,4,5,0,1
"Didier Ndong",8,2,0,3,0,2,3,3,0,2,4,0,5
"Fabio Borini",1,3,7,0,0,0,1,2,0,1,2,1,2
"Jason Denayer",0,0,1,1,0,0,0,0,0,0,1,0,0
"Javier Manquillo",0,6,2,2,0,0,4,8,4,0,14,0,7
"Jermain Defoe",1,4,2,0,0,1,0,1,0,0,3,1,0
"John O'Shea",0,11,0,1,0,7,0,0,5,4,11,1,0
"Jordan Pickford",2,0,1,1,0,2,0,6,0,2,0,0,0
"Lamine Koné",4,4,1,1,1,0,0,6,8,0,6,0,0
"Sebastian Larsson",5,7,4,0,1,15,2,2,2,4,0,1,6
"Victor Anichebe",0,0,0,1,0,1,1,0,0,0,1,0,0
"Wahbi Khazri",2,1,1,4,0,6,3,2,0,0,2,0,0
