"Adnan Januzaj",0,0,0,0,0,0,0,0,0,0,1,0,0
"Billy Jones",0,0,5,3,0,0,0,0,2,0,0,1,0
"Didier Ndong",0,2,0,1,0,2,2,0,2,0,3,2,0
"Duncan Watmore",0,2,0,0,0,2,0,0,0,0,1,0,0
"Jason Denayer",0,0,0,0,0,0,1,0,1,0,0,3,0
"Jermain Defoe",0,1,3,0,1,0,1,0,0,0,1,0,0
"John O'Shea",0,0,2,0,0,0,0,4,0,0,1,1,0
"Jordan Pickford",0,0,0,0,0,1,0,0,0,0,1,0,5
"Lamine Koné",0,1,1,0,0,0,3,0,0,0,0,1,0
"Lynden Gooch",0,0,0,0,0,0,0,0,0,0,2,0,0
"Patrick van Aanholt",1,1,0,0,0,2,1,3,0,2,0,1,2
"Steven Pienaar",0,1,0,0,2,1,0,1,0,0,3,0,0
"Victor Anichebe",0,0,1,0,0,1,0,1,0,0,3,0,0
