"Aaron Cresswell",0,0,3,0,7,0,0,0,1,3,0,0,1,0
"Adrián",0,0,1,0,0,0,0,0,0,0,3,0,4,2
"Angelo Ogbonna",6,1,0,2,2,0,0,0,0,2,0,4,0,2
"Cheikhou Kouyaté",0,3,3,0,1,0,0,0,1,1,3,1,0,2
"Dimitri Payet",2,1,3,0,0,0,0,0,3,3,1,9,0,0
"Edimilson Fernandes",0,0,0,0,0,0,0,0,0,1,0,1,0,0
"Håvard Nordtveit",0,0,0,0,0,0,0,0,0,0,0,0,0,0
"Jonathan Calleri",0,0,0,0,0,0,0,0,0,1,0,0,0,0
"Manuel Lanzini",0,0,1,1,4,0,0,0,0,4,1,6,3,1
"Mark Noble",3,3,5,4,6,0,1,0,4,0,6,4,0,1
"Michail Antonio",0,0,3,6,4,0,0,0,3,6,0,3,1,1
"Pedro Obiang",2,0,2,2,3,1,0,0,6,8,3,0,4,0
"Simone Zaza",0,0,0,0,1,0,0,0,6,2,1,1,0,0
"Winston Reid",0,2,1,3,1,0,0,0,0,4,0,1,0,0
