"Allan Nyom",0,1,0,2,0,0,0,0,2,2,3,3,0,0
"Ben Foster",0,0,0,0,0,0,0,0,0,0,1,1,0,3
"Chris Brunt",0,1,0,2,3,1,0,0,0,6,1,0,0,0
"Claudio Yacob",3,2,2,0,2,2,0,0,0,4,7,0,2,0
"Craig Dawson",0,1,6,1,0,5,2,0,0,0,1,1,2,4
"Darren Fletcher",0,0,2,6,0,0,4,0,0,2,2,0,2,1
"Gareth McAuley",0,1,0,0,1,2,0,0,2,1,0,0,0,1
"Hal Robson-Kanu",0,0,0,0,0,0,0,0,0,0,0,0,0,0
"James McClean",2,0,0,0,0,0,0,0,0,0,0,0,1,1
"James Morrison",0,1,3,2,2,4,0,0,0,0,2,0,0,1
"Jonny Evans",12,2,1,6,0,1,1,0,0,0,0,1,1,0
"Matt Phillips",1,0,0,0,0,0,0,0,0,1,1,0,0,0
"Nacer Chadli",0,0,0,0,2,1,1,1,1,0,0,0,0,0
"Salomón Rondón",0,0,2,2,0,1,0,0,0,1,1,0,0,0
