"Adnan Januzaj",0,0,0,0,0,0,0,0,0,0,0,0,0,0
"Billy Jones",0,0,3,1,2,3,1,1,2,0,0,0,2,6
"Didier Ndong",1,1,0,1,3,2,1,1,2,0,2,6,0,2
"Duncan Watmore",0,0,0,0,1,0,0,0,0,0,0,4,4,1
"Jack Rodwell",0,1,3,1,0,0,3,2,4,1,0,3,1,3
"Jermain Defoe",0,1,0,1,2,0,1,0,1,0,1,1,1,1
"John O'Shea",0,1,1,0,0,0,0,1,0,0,0,4,1,0
"Jordan Pickford",0,3,0,1,1,0,0,0,0,0,2,0,1,0
"Lamine Koné",0,5,4,0,0,0,2,2,0,0,2,0,0,3
"Lynden Gooch",0,0,0,0,1,0,0,0,0,0,0,2,0,0
"Papy Djilobodji",0,1,1,1,0,0,0,0,1,1,0,3,2,0
"Patrick van Aanholt",0,0,1,2,3,1,0,3,1,1,3,0,7,1
"Steven Pienaar",0,2,2,4,2,0,1,0,0,0,2,2,0,4
"Wahbi Khazri",0,5,5,0,2,1,0,1,1,0,0,1,1,0
