"Andre Gray",0,0,0,0,0,0,3,0,1,0,0,1,0,0
"Ashley Barnes",0,0,2,0,1,0,1,2,0,2,0,0,0,0
"Ashley Westwood",0,3,0,0,2,0,1,0,0,1,0,0,0,0
"Ben Mee",1,4,1,0,0,0,2,4,8,3,0,1,8,4
"George Boyd",0,0,0,0,0,0,1,2,1,0,0,0,0,0
"Jeff Hendrick",0,0,0,0,0,0,0,0,0,0,0,0,0,0
"Joey Barton",0,1,1,4,0,0,0,6,4,2,0,2,4,0
"Matthew Lowton",0,5,1,2,3,0,5,0,6,0,0,3,0,7
"Michael Keane",1,1,3,7,1,1,3,4,0,0,0,1,1,5
"Robbie Brady",0,0,0,0,1,0,3,0,0,0,1,0,1,0
"Sam Vokes",0,0,1,0,0,0,0,0,0,0,0,0,0,0
"Scott Arfield",0,1,0,3,1,0,2,0,0,0,0,0,1,0
"Stephen Ward",0,0,0,9,0,0,1,0,0,1,0,3,0,2
"Tom Heaton",0,2,0,3,0,0,0,0,0,0,0,0,0,0
