"Bruno Martins Indi",0,7,6,0,5,1,1,3,0,3,2,0,4,2
"Charlie Adam",8,0,4,0,11,0,2,0,0,3,2,3,1,4
"Erik Pieters",5,2,0,0,6,0,0,1,0,2,10,0,6,0
"Glen Johnson",1,0,0,0,3,3,0,0,2,0,1,0,3,0
"Glenn Whelan",1,16,5,4,0,2,2,0,1,6,3,4,1,5
"Ibrahim Afellay",0,0,0,6,2,0,0,0,1,3,0,0,0,0
"Joe Allen",1,0,1,1,4,2,0,0,1,3,3,0,2,1
"Lee Grant",4,0,0,1,0,0,0,0,0,0,1,0,0,4
"Mame Biram Diouf",0,0,0,1,0,0,0,0,0,0,0,0,0,0
"Marko Arnautovic",1,9,2,0,4,1,1,1,0,0,3,2,2,1
"Peter Crouch",1,2,2,0,1,1,3,0,0,5,0,3,3,0
"Phil Bardsley",0,4,0,0,5,0,0,1,0,3,2,0,0,2
"Ramadan Sobhi",0,3,2,2,5,1,5,0,0,0,0,1,0,1
"Ryan Shawcross",4,6,1,0,3,0,0,3,0,0,3,1,2,0
