"César Azpilicueta",0,17,14,2,0,3,3,0,4,0,6,2,4,2
"Cesc Fàbregas",6,0,4,5,7,5,0,1,4,4,5,1,8,3
"David Luiz",9,4,0,2,1,13,4,2,4,0,0,2,2,0
"Diego Costa",3,3,1,0,6,0,0,3,3,2,0,0,1,1
"Eden Hazard",3,7,2,3,0,1,0,2,3,0,3,0,3,0
"Gary Cahill",3,1,7,2,7,0,0,8,14,1,5,3,0,0
"Kurt Zouma",2,3,1,0,0,0,0,0,0,0,0,2,0,1
"Marcos Alonso",1,6,1,4,2,10,0,0,1,1,0,1,1,0
"N'Golo Kanté",4,7,6,5,7,4,0,4,0,1,1,1,1,0
"Nemanja Matic",0,2,0,2,0,1,0,5,0,0,0,0,0,0
"Pedro",0,6,1,4,1,3,0,0,2,0,0,0,2,0
"Thibaut Courtois",2,1,2,1,0,3,0,0,0,0,1,0,0,0
"Victor Moses",10,2,2,1,2,0,0,0,1,0,4,0,0,2
"Willian",1,1,0,1,0,0,1,0,2,1,0,0,1,0
