"Andy King",0,1,2,2,1,1,0,1,3,1,0,0,2
"Christian Fuchs",1,0,2,0,0,1,2,3,1,2,1,0,0
"Daniel Amartey",3,2,0,0,0,3,0,1,4,1,0,0,0
"Danny Simpson",2,0,0,0,0,2,2,0,2,0,2,0,0
"Demarai Gray",1,0,0,0,0,0,0,0,0,0,0,0,0
"Islam Slimani",2,0,1,1,0,0,2,1,1,0,0,0,0
"Jamie Vardy",2,1,1,1,0,1,0,5,1,0,0,0,0
"Marc Albrighton",0,1,1,0,0,0,3,0,0,0,0,1,0
"Riyad Mahrez",2,0,3,1,0,3,1,2,0,1,0,0,0
"Robert Huth",0,1,0,0,0,1,1,0,1,0,1,0,0
"Ron-Robert Zieler",0,0,0,1,0,1,1,0,0,0,0,0,0
"Shinji Okazaki",0,0,1,0,0,0,0,0,0,0,0,0,0
"Wes Morgan",0,1,1,0,0,1,0,0,0,0,1,0,0
