"Allan Nyom",0,0,1,1,0,1,0,1,0,1,1,0,0,0
"Ben Foster",0,0,0,0,0,0,0,1,0,1,0,0,0,0
"Chris Brunt",0,0,0,0,1,0,1,0,2,1,1,0,1,0
"Claudio Yacob",1,0,0,0,1,1,2,0,4,0,0,0,0,0
"Craig Dawson",0,0,1,0,0,2,0,1,3,0,0,4,2,0
"Darren Fletcher",0,1,2,1,1,0,0,0,3,1,0,2,1,0
"Gareth McAuley",0,2,0,0,0,0,0,1,0,0,1,0,0,0
"Hal Robson-Kanu",0,0,0,1,0,0,0,0,0,2,0,3,0,0
"Jake Livermore",0,1,0,2,1,2,0,1,0,1,4,1,2,0
"James McClean",3,0,3,0,0,1,0,1,1,0,0,1,0,1
"Jonny Evans",1,2,3,1,0,1,0,0,2,0,0,0,0,0
"Nacer Chadli",1,1,1,0,0,4,1,2,2,0,0,0,0,0
"Salomón Rondón",0,0,1,0,0,1,0,0,1,0,0,0,0,0
"Sam Field",0,0,0,0,0,0,0,0,0,0,0,0,0,0
