"Ben Foster",0,0,0,0,0,0,0,0,0,2,2,0,3,0
"Chris Brunt",1,0,0,1,1,0,2,0,3,0,4,0,0,0
"Claudio Yacob",0,1,0,0,0,0,0,0,0,0,0,3,1,0
"Craig Dawson",0,5,0,0,4,1,0,0,2,0,0,1,2,0
"Darren Fletcher",0,1,0,3,0,0,4,1,3,2,5,2,1,0
"Gareth McAuley",1,0,0,1,1,0,0,1,0,1,0,0,1,0
"Jake Livermore",3,1,1,1,4,0,0,2,0,2,4,2,2,0
"James McClean",0,0,0,0,1,0,1,0,0,0,0,4,0,0
"James Morrison",0,2,0,1,2,0,1,0,0,1,5,2,1,0
"Jonny Evans",3,1,1,0,1,3,5,0,1,0,0,2,0,0
"Nacer Chadli",1,1,0,0,2,0,4,0,6,1,0,4,1,0
"Nyom",2,0,1,0,5,1,1,1,2,5,3,0,1,0
"Salomón Rondón",0,1,0,2,3,0,0,2,1,0,1,1,0,1
"Sam Field",0,0,0,0,0,0,0,0,0,0,0,0,0,0
