"Adam Clayton",0,1,3,10,8,3,13,2,3,4,2,8,0
"Adama Traoré",1,0,0,0,0,0,0,0,0,2,1,0,0
"Álvaro Negredo",5,0,0,1,0,1,2,1,1,0,0,3,0
"Antonio Barragán",8,1,4,0,1,6,0,2,2,4,0,22,2
"Ben Gibson",6,0,0,1,0,10,7,6,8,8,0,2,1
"Bernardo Espinosa",9,1,1,13,7,0,2,2,1,6,1,8,1
"Fabio",3,0,2,0,6,0,0,11,8,3,3,5,0
"Gastón Ramírez",3,0,1,0,3,1,8,0,6,5,0,0,0
"Grant Leadbitter",7,0,1,4,5,1,4,6,0,7,0,0,1
"Marten de Roon",3,3,2,8,6,5,3,3,8,0,1,5,0
"Rudy Gestede",0,1,0,1,1,0,0,0,0,0,0,0,0
"Stewart Downing",10,0,1,11,4,5,2,2,5,8,0,0,0
"Víctor Valdés",0,0,0,0,2,1,0,0,0,0,0,0,0
