"Andre Gray",0,0,1,0,0,1,1,2,0,0,1,0,2
"Ben Mee",0,0,0,0,1,1,1,6,2,0,2,0,4
"George Boyd",0,0,0,0,0,4,1,0,0,0,0,0,0
"James Tarkowski",0,0,0,0,1,0,0,0,0,0,0,1,0
"Jeff Hendrick",1,4,1,0,0,3,2,4,0,3,0,1,0
"Joey Barton",1,6,1,0,3,0,3,2,2,2,0,0,2
"Matthew Lowton",1,0,2,0,5,5,0,2,3,1,7,0,0
"Michael Keane",0,2,0,0,1,5,3,0,3,0,2,0,0
"Paul Robinson",0,1,1,0,0,0,0,0,0,0,3,1,1
"Robbie Brady",3,2,0,0,3,1,0,0,0,0,0,0,0
"Sam Vokes",3,0,0,0,0,1,2,1,0,2,0,0,0
"Scott Arfield",2,0,0,1,0,0,0,0,0,0,0,0,1
"Stephen Ward",1,2,0,0,2,0,0,1,1,1,1,1,0
