"Abdoulaye Doucouré",0,2,0,4,2,1,1,8,0,4,2,0,0,7
"Craig Cathcart",4,0,3,4,1,0,1,0,2,6,2,2,1,1
"Daryl Janmaat",0,7,0,3,0,0,0,0,0,0,1,0,1,0
"Etienne Capoue",8,2,4,0,0,0,4,3,1,0,5,1,2,3
"Heurelho Gomes",0,0,1,0,0,0,0,0,0,0,0,0,0,2
"Isaac Success",3,0,0,0,0,0,0,0,0,0,0,0,0,0
"M'Baye Niang",1,0,2,6,0,1,0,7,0,0,2,2,3,1
"Miguel Britos",4,0,0,3,4,1,4,0,0,0,2,7,0,5
"Nordin Amrabat",0,4,0,0,0,0,1,0,0,0,0,2,0,0
"Sebastian Prödl",5,4,1,3,4,0,1,1,2,0,1,2,1,0
"Tom Cleverley",0,3,0,3,0,0,2,2,1,1,0,4,2,0
"Troy Deeney",1,0,2,3,0,0,1,2,2,0,1,0,1,1
"Valon Behrami",0,2,0,1,0,0,2,1,0,2,5,0,0,1
"Younes Kaboul",8,0,0,2,3,0,2,7,0,4,0,1,0,0
