"Ben Davies",0,3,5,9,2,1,4,6,0,0,10,1,6,0
"Christian Eriksen",4,0,3,8,3,3,0,0,8,0,3,4,0,0
"Dele Alli",4,7,0,5,4,1,0,5,3,0,2,1,1,0
"Eric Dier",9,5,1,0,3,2,1,5,3,0,4,5,3,2
"Erik Lamela",1,2,6,2,0,0,0,1,3,0,1,2,0,2
"Harry Kane",0,2,1,1,0,0,0,0,3,0,1,1,1,0
"Hugo Lloris",3,1,1,1,0,1,0,5,2,0,0,5,3,0
"Jan Vertonghen",6,3,4,1,2,0,8,0,2,1,2,6,5,0
"Kyle Walker",1,10,3,5,3,3,1,0,0,1,1,4,0,0
"Moussa Sissoko",0,0,0,1,0,0,0,0,0,0,2,0,0,1
"Son Heung-Min",9,4,0,2,1,0,0,2,3,0,0,2,1,1
"Toby Alderweireld",3,9,2,6,3,2,5,3,3,0,2,0,4,0
"Victor Wanyama",2,2,4,3,0,1,2,3,0,0,3,8,0,0
"Vincent Janssen",0,0,0,0,2,0,0,1,0,2,0,0,0,0
