"Aaron Lennon",0,0,0,0,0,0,0,0,1,0,1,1,0,0
"Ademola Lookman",0,0,0,0,0,0,0,2,4,1,1,0,0,1
"Ashley Williams",0,1,0,2,0,11,6,2,6,9,2,5,12,9
"Enner Valencia",0,0,0,0,0,0,0,0,0,0,0,0,2,1
"Gareth Barry",0,0,0,1,0,0,0,1,0,2,1,0,0,0
"Idrissa Gueye",0,1,12,0,0,0,0,1,10,3,6,14,1,4
"Joel Robles",0,0,6,0,0,0,0,1,1,2,1,0,0,0
"Leighton Baines",0,3,2,0,2,0,0,0,2,8,1,8,0,6
"Morgan Schneiderlin",3,3,10,2,1,6,1,7,0,7,3,7,2,12
"Ramiro Funes Mori",0,1,9,0,2,2,8,5,11,0,0,2,1,0
"Romelu Lukaku",0,1,1,0,0,3,0,0,2,0,0,5,0,1
"Ross Barkley",1,1,10,0,0,10,1,4,11,0,0,0,8,4
"Seamus Coleman",0,0,14,0,0,5,3,1,4,0,5,7,0,0
"Tom Davies",0,2,10,0,0,6,0,2,10,2,1,5,3,0
