"Adam Clayton",0,7,4,6,7,3,1,1,1,0,7,6,5,3
"Adam Forshaw",11,0,1,3,7,7,1,0,0,0,3,3,5,7
"Albert Adomah",0,5,0,0,0,0,1,0,0,0,0,3,0,1
"Álvaro Negredo",4,3,3,0,0,0,0,2,0,0,1,1,4,2
"Antonio Barragán",4,3,0,3,0,4,3,3,0,1,1,0,10,1
"Ben Gibson",5,5,1,2,4,0,7,0,0,1,0,7,0,1
"Brad Guzan",2,0,0,2,1,2,0,4,0,0,0,0,0,0
"Cristhian Stuani",2,2,0,1,1,0,0,0,0,0,2,0,6,1
"Daniel Ayala",0,0,0,0,0,1,0,0,0,0,0,0,0,1
"David Nugent",0,1,0,0,1,0,0,0,0,0,0,0,0,0
"Gastón Ramírez",5,1,0,4,2,1,0,2,0,0,0,1,3,3
"George Friend",4,10,0,4,1,6,2,1,1,0,3,0,0,9
"Nsue",5,7,0,2,9,1,2,6,0,0,6,0,0,2
"Stewart Downing",3,6,1,1,0,3,0,2,0,0,2,10,1,0
