"Adam Clayton",0,0,0,0,1,0,1,0,0,1,0,0,0,0
"Adam Forshaw",1,0,2,4,3,7,7,0,0,2,0,8,0,1
"Adama Traoré",0,4,0,3,1,1,1,0,0,0,1,2,0,0
"Álvaro Negredo",1,6,3,0,1,0,0,0,1,1,0,1,0,0
"Ben Gibson",0,2,0,0,0,0,1,0,0,3,1,5,5,4
"Bernardo Espinosa",0,6,1,0,3,0,6,0,0,2,1,4,0,1
"Calum Chambers",1,2,5,1,0,7,0,1,0,2,2,4,0,0
"Fabio",0,1,0,0,0,0,0,0,0,0,0,0,0,0
"Gastón Ramírez",0,0,0,0,0,0,0,0,0,1,0,0,0,0
"George Friend",2,5,0,2,3,0,0,0,1,0,3,3,4,2
"Grant Leadbitter",0,2,1,1,1,0,0,0,0,1,0,1,1,0
"Marten de Roon",0,5,2,0,5,6,2,0,0,2,0,0,3,2
"Stewart Downing",0,1,0,1,3,2,0,0,0,7,1,1,0,1
"Víctor Valdés",0,1,2,2,2,1,0,0,0,0,0,0,0,0
