"Bruno Martins Indi",0,5,0,4,7,0,0,0,1,1,9,0,0,0
"Charlie Adam",3,0,5,2,2,0,1,2,2,3,8,1,0,4
"Erik Pieters",2,9,0,7,1,0,1,0,1,0,5,8,1,8
"Giannelli Imbula",1,6,6,0,5,1,0,1,2,1,6,2,1,4
"Glen Johnson",6,7,1,2,0,0,1,1,4,3,3,0,0,2
"Glenn Whelan",0,0,1,1,0,0,1,1,0,1,0,0,0,0
"Joe Allen",0,0,1,1,1,1,0,0,0,1,0,0,1,0
"Jonathan Walters",0,1,0,0,0,0,2,0,0,1,0,0,0,3
"Lee Grant",4,1,3,0,0,0,1,2,0,2,2,1,1,0
"Mame Biram Diouf",1,2,0,3,6,3,2,0,0,0,2,0,0,3
"Marc Muniesa",5,2,7,10,4,0,0,1,7,1,0,2,0,1
"Marko Arnautovic",0,4,4,2,0,0,0,1,0,0,3,0,0,3
"Peter Crouch",0,0,1,0,0,1,0,0,0,1,0,0,0,0
"Xherdan Shaqiri",0,7,7,0,2,0,0,1,0,2,1,3,0,0
