"Alex Oxlade-Chamberlain",0,3,3,1,0,0,2,4,0,4,0,0,0,0
"Alexis Sánchez",0,0,4,1,0,1,4,7,2,3,0,3,12,0
"Granit Xhaka",4,7,0,8,0,0,3,4,2,8,1,9,9,3
"Héctor Bellerín",0,1,5,0,1,0,2,5,2,0,0,8,12,5
"Jack Wilshere",0,0,1,1,0,0,0,0,0,0,0,0,2,0
"Kieran Gibbs",0,0,1,1,0,0,0,0,6,0,0,0,0,2
"Laurent Koscielny",2,1,6,1,0,1,0,1,3,7,0,10,3,1
"Mesut Özil",2,6,6,6,0,0,1,0,0,1,0,1,5,2
"Mohamed Elneny",0,4,4,0,2,1,0,0,0,0,1,0,1,1
"Nacho Monreal",7,7,10,1,0,0,4,2,0,0,0,1,2,0
"Petr Cech",0,0,0,0,0,0,0,1,0,0,0,0,0,0
"Rob Holding",0,1,5,8,0,0,14,2,1,0,1,0,5,1
"Santiago Cazorla",7,9,9,8,2,0,3,6,0,5,0,1,0,1
"Theo Walcott",0,2,0,4,1,4,0,2,1,0,0,1,1,0
