"Allan Nyom",0,0,0,0,0,0,0,0,1,0,0,0,0,0
"Ben Foster",0,0,0,0,1,0,0,1,0,0,0,0,0,2
"Brendan Galloway",0,1,0,0,0,0,1,0,2,0,0,0,1,4
"Claudio Yacob",0,0,0,0,1,2,5,0,3,0,2,1,4,0
"Craig Dawson",0,2,0,0,0,3,0,0,0,0,0,5,0,1
"Darren Fletcher",0,1,0,5,3,0,2,1,0,2,3,1,4,1
"Gareth McAuley",0,2,0,0,2,2,0,0,0,1,0,1,0,2
"Hal Robson-Kanu",0,0,0,0,0,0,0,0,1,2,0,1,0,0
"James McClean",0,0,2,2,0,2,1,1,0,0,0,0,5,2
"James Morrison",0,0,0,0,0,2,0,0,1,0,0,2,0,0
"Jonny Evans",0,3,2,2,0,0,1,0,0,0,0,1,2,0
"Matt Phillips",0,0,0,1,4,3,0,1,0,0,0,0,0,0
"Nacer Chadli",0,0,1,3,1,3,0,0,1,0,1,1,0,4
"Salomón Rondón",0,0,0,1,0,2,0,0,2,1,2,1,3,0
