"Adam Clayton",0,4,0,4,2,1,7,4,3,0,0,3,1,0
"Adam Forshaw",3,0,1,2,7,3,2,3,3,2,0,4,1,0
"Adama Traoré",2,2,0,2,0,0,0,2,0,1,1,0,0,0
"Álvaro Negredo",3,4,1,0,2,0,0,3,0,1,0,3,0,0
"Antonio Barragán",3,3,9,5,0,1,3,0,0,1,0,0,3,0
"Ben Gibson",2,1,0,0,1,0,2,1,4,1,0,5,3,0
"Calum Chambers",0,3,1,0,4,2,0,1,3,0,0,0,3,0
"Gastón Ramírez",5,4,1,3,1,1,0,0,3,0,0,1,0,0
"George Friend",3,2,0,3,1,4,0,3,0,0,0,13,0,0
"Grant Leadbitter",1,3,0,0,2,0,0,0,1,0,1,2,0,0
"Jordan Rhodes",0,0,0,0,0,0,0,0,0,1,0,0,0,1
"Stewart Downing",1,4,1,0,2,2,0,2,8,2,0,0,0,0
"Víctor Valdés",0,0,0,2,0,4,0,0,1,0,1,0,0,0
"Viktor Fischer",0,1,0,0,0,0,0,0,0,0,1,0,0,0
