"Angel Gomes",0,2,2,1,0,0,0,3,1,0,1,2,0,0
"Anthony Martial",1,0,2,5,0,0,0,2,3,0,1,1,1,0
"Axel Tuanzebe",2,3,0,5,1,4,0,4,11,6,6,4,7,6
"Demetri Mitchell",2,4,5,0,0,1,1,4,1,5,14,0,0,1
"Eric Bailly",0,0,0,1,0,0,3,1,1,1,9,4,5,1
"Jesse Lingard",0,0,3,3,0,0,0,0,0,3,1,1,0,4
"Joel Pereira",0,0,1,0,5,0,0,1,1,0,3,0,0,0
"Josh Harrop",3,2,5,7,2,1,0,0,2,3,2,3,4,5
"Michael Carrick",4,3,12,1,3,0,0,1,0,0,6,3,1,5
"Paul Pogba",0,0,4,3,1,6,2,3,0,0,4,3,3,4
"Phil Jones",0,2,12,16,4,1,4,3,7,7,0,0,0,0
"Scott McTominay",1,2,7,0,2,1,1,6,5,1,2,0,7,3
"Timothy Fosu-Mensah",0,0,1,0,4,0,0,4,3,5,0,13,0,0
"Wayne Rooney",0,1,3,2,0,1,0,6,3,3,4,1,4,0
