"Adam Smith",0,8,0,0,1,2,3,4,0,0,3,5,12,0
"Andrew Surman",3,0,0,2,5,4,0,2,0,1,1,2,7,6
"Artur Boruc",0,0,0,0,2,1,0,0,0,0,0,0,1,1
"Benik Afobe",1,1,0,0,1,1,0,0,1,0,0,0,0,0
"Charlie Daniels",0,4,0,0,0,10,1,0,1,2,8,0,2,7
"Harry Arter",1,4,0,0,7,0,1,1,2,0,2,0,5,3
"Jack Wilshere",1,0,0,0,1,1,0,0,0,0,0,0,1,0
"Jordon Ibe",5,2,0,0,1,2,2,0,1,0,0,0,2,0
"Joshua King",2,2,0,1,0,1,0,1,0,0,0,0,0,0
"Marc Pugh",0,0,0,1,0,0,0,0,1,0,0,0,0,1
"Ryan Fraser",3,3,0,1,2,2,0,0,2,0,0,0,1,0
"Simon Francis",2,1,1,0,0,0,0,0,1,0,0,0,4,0
"Steve Cook",14,6,4,0,6,2,0,2,0,0,1,2,0,5
"Tyrone Mings",0,2,2,0,5,5,0,0,0,0,0,0,8,0
