"Ben Chilwell",0,0,2,0,0,0,0,0,0,0,0,0,0,0
"Christian Fuchs",0,0,5,5,0,2,1,2,1,2,2,1,4,0
"Daniel Amartey",1,2,0,2,0,3,1,0,0,0,1,0,5,1
"Daniel Drinkwater",0,7,1,0,6,3,1,0,0,13,4,1,2,2
"Danny Simpson",0,2,0,7,0,3,0,0,0,2,0,6,2,1
"Demarai Gray",0,3,2,3,1,0,0,0,0,2,0,2,3,0
"Islam Slimani",1,0,2,1,0,0,0,0,0,0,0,0,0,0
"Jamie Vardy",0,1,0,0,1,0,0,0,0,0,0,0,3,0
"Kasper Schmeichel",0,0,0,0,0,0,0,1,0,1,0,1,0,0
"Riyad Mahrez",0,1,1,9,4,2,0,1,0,0,0,0,5,1
"Robert Huth",0,3,0,4,1,0,0,0,0,0,0,0,2,6
"Shinji Okazaki",0,0,0,5,0,3,0,3,0,3,0,0,2,0
"Wilfred Ndidi",0,6,5,7,5,5,0,0,1,4,4,5,0,1
"Yohan Benalouane",0,0,0,1,4,0,0,0,1,2,2,0,1,0
