"Ander Herrera",0,1,2,8,3,5,3,2,13,5,3,4,1
"Daley Blind",3,0,1,0,0,3,5,1,14,12,1,9,7
"David de Gea",1,1,0,0,0,0,2,0,0,1,0,0,1
"Eric Bailly",4,0,0,0,0,8,1,0,2,1,5,1,3
"Jesse Lingard",5,0,0,0,0,0,1,1,0,2,0,1,1
"Juan Mata",8,3,0,5,0,0,1,1,1,6,2,1,4
"Marcos Rojo",2,10,0,0,0,1,0,0,10,9,8,0,2
"Matteo Darmian",4,0,1,0,2,2,0,0,1,2,3,1,2
"Michael Carrick",4,13,0,2,2,2,10,2,0,18,7,9,3
"Paul Pogba",5,15,0,0,0,8,5,3,10,0,0,12,9
"Phil Jones",7,0,3,4,0,1,8,3,6,1,0,0,1
"Wayne Rooney",7,7,0,2,0,1,2,0,5,6,0,0,5
"Zlatan Ibrahimovic",5,2,1,1,0,3,0,2,5,7,0,6,0
