"Ander Herrera",0,1,9,1,2,2,1,0,2,1,9,8,0,0
"Anthony Martial",2,0,0,0,0,0,0,0,6,1,4,0,1,2
"Antonio Valencia",12,1,0,1,6,3,1,0,0,1,2,13,1,3
"David de Gea",0,0,4,0,0,0,2,2,6,2,1,1,0,2
"Henrikh Mkhitaryan",8,0,2,1,0,0,3,0,1,1,5,2,6,0
"Juan Mata",2,0,2,0,2,0,0,1,0,0,0,0,0,1
"Marcos Rojo",3,1,0,9,2,0,0,1,8,5,9,3,1,1
"Marouane Fellaini",0,0,0,0,2,3,0,0,0,0,0,0,2,0
"Matteo Darmian",1,9,0,2,1,0,13,0,0,5,3,1,2,2
"Michael Carrick",2,1,1,1,0,0,1,0,5,0,2,1,1,1
"Paul Pogba",8,3,1,0,2,1,3,0,2,2,0,2,2,2
"Phil Jones",4,1,8,11,0,0,8,1,2,3,2,0,1,2
"Wayne Rooney",1,0,2,0,3,0,1,1,0,0,0,0,0,2
"Zlatan Ibrahimovic",0,0,3,0,2,0,0,0,2,0,3,1,2,0
