"Aleksandar Kolarov",0,0,3,0,0,6,6,15,1,0,3,4,0,5
"Claudio Bravo",1,0,2,0,0,0,0,3,0,0,0,4,0,0
"Fernandinho",9,0,0,2,0,4,4,2,8,14,5,10,0,15
"Gabriel Jesus",0,0,0,0,1,0,0,0,0,0,0,0,0,0
"Jesús Navas",0,0,1,0,0,0,0,1,3,0,2,2,0,2
"Kevin De Bruyne",8,1,4,0,1,0,5,3,0,3,8,2,0,6
"Leroy Sané",4,0,5,0,0,9,0,0,0,0,1,1,0,2
"Nicolás Otamendi",6,1,13,1,1,3,1,0,1,0,2,10,0,28
"Pablo Zabaleta",1,3,6,0,3,1,0,2,0,2,1,12,0,11
"Raheem Sterling",0,0,9,0,0,3,2,0,11,0,2,0,0,9
"Sergio Agüero",1,0,4,0,2,5,2,2,2,7,0,1,0,5
"Vincent Kompany",1,0,9,0,0,2,0,19,3,5,7,0,1,14
"Willy Caballero",0,0,0,0,0,0,0,1,0,0,0,0,0,0
"Yaya Touré",11,0,24,0,3,16,5,13,6,2,5,8,0,0
