"Ahmed Musa",0,0,1,1,0,0,0,0,0,0,0,0,0,0
"Andy King",0,0,1,4,3,0,1,1,3,0,3,0,0,0
"Christian Fuchs",0,2,0,3,1,1,4,1,1,0,0,1,1,0
"Daniel Drinkwater",2,4,6,0,10,5,0,2,6,1,10,2,2,2
"Danny Simpson",0,0,0,9,0,2,2,1,1,1,8,0,5,3
"Jamie Vardy",0,1,0,3,0,0,0,0,3,0,3,0,1,0
"Kasper Schmeichel",0,0,2,0,0,3,0,1,0,0,2,0,1,0
"Leonardo Ulloa",0,4,0,1,1,0,0,0,2,0,1,0,0,0
"Marc Albrighton",0,2,1,4,1,2,0,1,0,0,2,1,2,0
"Nampalys Mendy",0,0,1,1,0,1,1,0,3,0,2,1,0,1
"Riyad Mahrez",0,1,0,13,3,0,0,2,1,2,0,0,3,0
"Robert Huth",0,0,0,1,0,0,2,0,0,1,0,0,1,2
"Shinji Okazaki",0,1,0,5,2,1,0,0,0,1,3,0,0,0
"Wes Morgan",0,0,0,2,3,0,4,0,1,1,1,0,0,0
