"Adnan Januzaj",0,1,1,1,2,1,1,1,0,1,0,0,1,1
"Billy Jones",4,0,0,2,7,0,0,0,0,1,1,3,2,0
"Bryan Oviedo",0,0,0,2,3,5,2,0,1,1,0,2,5,0
"Darron Gibson",2,1,0,0,1,1,0,0,0,3,0,2,3,0
"Didier Ndong",3,6,4,2,0,0,1,0,0,0,0,0,1,0
"Fabio Borini",1,4,2,2,0,0,0,0,2,0,1,0,3,0
"George Honeyman",0,0,0,0,0,0,0,0,0,0,0,0,1,1
"Javier Manquillo",1,0,0,0,0,0,0,0,0,0,0,1,0,0
"Jermain Defoe",0,1,1,1,0,1,0,0,0,0,0,0,0,0
"John O'Shea",0,2,4,2,1,0,0,0,0,0,1,0,2,2
"Jordan Pickford",1,3,2,0,0,1,0,0,0,0,0,0,0,0
"Lamine Koné",1,0,1,1,0,2,0,0,0,1,2,0,3,0
"Sebastian Larsson",2,1,2,2,3,2,0,0,0,4,0,0,0,0
"Wahbi Khazri",1,0,0,0,0,0,0,1,0,0,0,0,2,0
