"Allan Nyom",0,3,0,3,0,0,0,0,2,3,0,2,2
"Ben Foster",0,0,0,0,0,0,0,2,0,1,1,0,0
"Chris Brunt",0,0,0,1,2,0,1,0,0,0,0,1,0
"Claudio Yacob",2,1,1,0,4,0,5,0,0,4,1,1,2
"Craig Dawson",0,0,2,0,0,0,1,0,0,1,0,2,3
"Craig Gardner",0,0,0,0,0,0,1,0,0,0,0,0,0
"Darren Fletcher",1,0,2,0,3,0,0,1,1,0,0,3,2
"Gareth McAuley",2,2,0,0,1,0,0,0,0,0,0,0,2
"James McClean",3,0,0,3,0,0,1,0,0,1,0,0,0
"Jonny Evans",1,1,0,4,0,0,0,0,1,0,0,0,1
"Matt Phillips",1,0,0,0,0,0,0,1,0,0,0,0,2
"Nacer Chadli",3,0,0,1,1,0,1,0,1,1,0,0,0
"Salomón Rondón",1,0,0,2,2,0,3,0,3,0,1,2,0
