"Asmir Begovic",0,2,0,0,0,0,4,2,0,6,0,0,0,0
"César Azpilicueta",3,0,0,4,1,1,6,2,5,0,3,0,0,8
"Cesc Fàbregas",0,0,0,1,0,0,1,0,2,1,0,1,0,1
"Eden Hazard",1,6,1,0,0,4,1,4,2,4,3,0,1,4
"John Terry",1,1,4,0,0,0,5,0,2,9,4,0,0,1
"Kenedy",0,0,0,4,1,0,2,0,1,2,2,0,0,1
"Kurt Zouma",6,8,0,2,8,0,0,0,8,2,2,0,0,2
"Michy Batshuayi",0,0,0,4,0,2,0,0,3,1,4,0,0,2
"N'Golo Kanté",0,5,1,3,2,2,4,2,0,8,0,1,0,5
"Nathan Aké",4,0,2,3,4,7,1,1,7,0,13,4,0,2
"Nathaniel Chalobah",0,1,0,4,1,1,7,4,2,9,0,0,0,6
"Ola Aina",0,0,0,0,1,0,0,0,3,1,0,0,0,2
"Pedro",0,1,0,1,0,0,0,0,0,0,0,0,0,0
"Willian",0,9,0,8,2,0,3,3,3,1,2,1,1,0
