"Alfie Mawson",0,18,1,6,3,4,0,7,3,3,3,0,2,2
"Angel Rangel",17,0,1,6,4,9,1,3,16,5,1,3,0,3
"Borja Bastón",1,4,0,1,1,1,0,2,1,2,0,0,1,1
"Fernando Llorente",0,6,2,0,2,1,0,0,0,0,0,2,3,2
"Gylfi Sigurdsson",1,1,4,3,0,1,1,1,3,2,0,1,2,0
"Jay Fulton",6,6,2,3,3,0,0,4,5,3,0,0,5,3
"Jefferson Montero",0,1,0,0,1,0,0,0,0,1,0,0,0,0
"Jordi Amat",6,3,0,1,2,5,1,0,4,4,7,0,3,0
"Leon Britton",12,11,1,0,3,2,0,2,0,0,0,2,6,2
"Leroy Fer",2,3,2,0,2,5,0,4,0,0,0,0,4,0
"Lukasz Fabianski",2,1,0,0,1,1,0,4,0,0,0,0,1,0
"Modou Barrow",0,5,0,0,2,1,0,0,1,0,0,0,1,0
"Neil Taylor",1,0,1,5,5,3,1,5,4,1,1,1,0,3
"Wayne Routledge",1,2,0,1,5,3,0,2,2,0,0,0,1,0
