"Adam Lallana",0,3,3,3,5,20,0,9,0,5,5,3,0,0
"Dejan Lovren",5,0,0,6,2,19,2,21,0,6,6,5,7,0
"Divock Origi",3,1,0,1,4,1,1,3,0,4,0,6,0,0
"Georginio Wijnaldum",4,9,1,0,0,6,0,7,0,4,2,4,0,0
"James Milner",3,2,7,5,0,13,1,1,0,7,6,2,1,0
"Jordan Henderson",16,28,0,5,10,0,1,11,0,12,7,1,4,0
"Lucas Leiva",0,2,1,0,2,3,0,0,0,0,2,0,0,1
"Nathaniel Clyne",10,12,5,6,0,16,1,0,0,1,5,11,1,1
"Ovie Ejaria",0,0,0,0,2,0,0,0,0,0,0,0,0,0
"Ragnar Klavan",5,13,3,1,7,11,1,1,0,0,1,3,2,0
"Roberto Firmino",4,3,3,5,3,5,3,1,1,0,0,3,0,0
"Sadio Mané",5,3,3,5,2,5,0,3,1,2,5,0,0,0
"Simon Mignolet",1,4,2,0,1,0,1,2,0,5,0,1,0,0
"Trent Alexander-Arnold",0,0,0,0,0,0,0,1,0,0,1,0,0,0
