"Ahmed El Mohamady",0,8,1,0,1,2,6,5,11,0,9,1,1,4
"Alfred N'Diaye",10,0,4,0,3,2,9,1,3,3,2,1,5,2
"Andrea Ranocchia",0,2,0,7,0,0,3,0,0,0,3,0,3,0
"Andrew Robertson",0,2,8,0,0,1,4,0,0,1,0,0,2,0
"Curtis Davies",3,3,0,0,0,3,3,0,0,0,1,5,10,2
"Eldin Jakupovic",0,0,0,0,1,0,0,1,0,0,4,1,0,0
"Evandro",6,10,1,3,4,0,0,2,3,3,2,3,3,4
"Harry Maguire",6,2,0,0,0,1,0,0,0,2,1,3,7,0
"Jarrod Bowen",7,3,0,0,0,0,4,0,0,0,0,0,0,4
"Kamil Grosicki",1,3,0,2,2,0,3,1,0,0,1,0,1,1
"Michael Dawson",8,2,2,1,6,1,5,4,1,0,0,0,4,1
"Oumar Niasse",2,3,0,0,1,0,2,0,2,1,0,0,1,1
"Sam Clucas",0,2,3,7,6,1,2,1,0,9,3,0,0,1
"Shaun Maloney",2,2,0,0,3,0,3,0,2,1,0,3,1,0
