"Allan Nyom",0,0,0,2,6,6,0,1,0,6,1,2,0
"Ben Foster",0,0,0,1,0,0,0,1,0,0,1,0,0
"Chris Brunt",0,1,0,3,3,0,3,0,2,7,3,1,1
"Claudio Yacob",2,0,2,0,1,5,5,0,1,6,2,3,1
"Craig Dawson",2,0,2,1,0,2,1,1,1,0,2,0,1
"Darren Fletcher",3,0,0,4,1,0,0,1,0,6,1,1,1
"Gareth McAuley",1,2,6,0,3,1,0,0,0,1,0,0,2
"Hal Robson-Kanu",1,0,1,0,0,1,0,0,1,1,1,0,0
"James McClean",0,0,1,0,0,1,1,0,0,2,1,0,0
"James Morrison",3,0,6,6,0,0,2,0,1,0,1,2,2
"Matt Phillips",3,1,2,1,0,2,0,0,0,0,0,1,0
"Nacer Chadli",1,0,1,2,1,2,0,0,0,2,1,0,1
"Salomón Rondón",2,0,1,1,0,1,0,0,0,1,0,2,0
