"Ander Herrera",0,2,14,15,0,8,1,10,3,8,0,1,7,2
"Anthony Martial",4,0,0,1,0,0,0,3,8,3,0,0,4,6
"Antonio Valencia",16,0,0,1,0,4,2,6,0,4,0,0,1,4
"Daley Blind",8,0,1,0,2,8,0,2,3,11,0,0,9,3
"David de Gea",1,0,1,0,0,0,0,0,1,0,0,0,0,1
"Eric Bailly",6,2,7,10,2,0,0,3,0,4,0,0,3,1
"Henrikh Mkhitaryan",1,0,2,1,0,0,0,0,0,1,0,1,0,0
"Juan Mata",13,2,3,4,0,1,0,0,3,5,0,0,6,4
"Luke Shaw",4,4,0,7,0,2,1,1,0,8,2,0,4,1
"Marouane Fellaini",11,8,2,8,1,3,0,5,14,0,0,3,8,5
"Memphis Depay",0,0,0,0,0,0,0,0,1,1,0,0,0,0
"Morgan Schneiderlin",0,0,2,0,0,0,0,0,1,1,0,0,0,0
"Wayne Rooney",8,4,6,1,2,3,0,6,2,9,0,0,0,4
"Zlatan Ibrahimovic",5,4,0,0,0,0,0,5,1,3,0,0,3,0
