"Adam Lallana",0,0,4,4,3,5,4,5,2,0,7,3,1,0
"Emre Can",1,0,0,0,0,1,0,0,0,0,1,1,0,0
"Georginio Wijnaldum",1,1,0,8,0,1,3,1,4,0,5,0,1,0
"James Milner",6,0,6,0,0,2,3,2,9,0,7,2,0,0
"Joel Matip",5,0,1,2,0,3,1,3,0,0,1,0,2,1
"Jordan Henderson",6,1,1,3,0,0,3,6,1,0,3,3,3,0
"Lucas Leiva",1,1,0,7,2,1,0,1,1,0,2,0,4,0
"Nathaniel Clyne",7,0,1,3,2,3,0,0,1,0,8,7,0,0
"Philippe Coutinho",5,0,3,7,0,2,1,0,0,0,1,0,0,0
"Ragnar Klavan",0,1,1,0,0,0,0,0,0,0,0,0,0,0
"Roberto Firmino",8,2,5,1,0,4,2,1,3,0,0,2,0,0
"Sadio Mané",3,0,0,0,2,1,0,6,2,0,1,0,0,0
"Simon Mignolet",1,0,0,0,1,0,2,0,0,0,0,1,0,0
"Trent Alexander-Arnold",0,1,0,0,0,0,0,0,0,0,0,0,0,0
