"Branislav Ivanovic",0,2,1,1,7,14,2,0,6,3,7,8,0,0
"César Azpilicueta",4,0,3,2,11,2,11,0,4,7,3,1,0,3
"Cesc Fàbregas",4,2,0,0,2,0,0,2,1,0,0,0,0,0
"Diego Costa",2,1,1,0,3,0,0,0,3,3,0,0,0,0
"Eden Hazard",5,6,3,2,0,1,2,0,7,7,6,6,1,0
"Gary Cahill",14,3,0,1,1,0,12,0,7,1,8,1,3,0
"John Terry",1,8,1,1,9,11,0,0,9,8,2,0,1,0
"Michy Batshuayi",0,0,0,0,2,0,0,0,0,0,0,0,0,0
"N'Golo Kanté",4,10,3,2,6,6,11,0,0,4,4,6,0,3
"Nemanja Matic",2,9,0,4,5,3,5,0,3,0,2,3,0,1
"Oscar",11,3,0,1,5,4,1,0,4,1,0,1,0,0
"Pedro",2,2,0,0,7,4,1,0,4,4,3,0,0,0
"Thibaut Courtois",1,0,0,0,0,2,1,0,0,0,0,0,0,0
"Victor Moses",1,2,1,0,1,0,0,0,1,1,0,0,0,0
