"Branislav Ivanovic",0,0,1,1,6,4,0,3,0,8,0,3,0,8
"César Azpilicueta",0,0,4,20,3,11,0,6,14,0,0,2,0,1
"Diego Costa",0,1,0,2,0,1,0,2,3,3,1,0,0,3
"Eden Hazard",3,12,6,0,0,1,0,4,7,3,0,0,0,3
"Gary Cahill",6,0,1,3,0,11,0,6,4,8,0,1,0,4
"John Terry",0,16,1,8,8,0,0,9,15,3,0,2,1,0
"Michy Batshuayi",0,0,0,0,0,0,0,1,0,0,0,0,0,0
"N'Golo Kanté",6,3,2,1,3,9,1,0,6,12,0,1,0,6
"Nemanja Matic",2,11,1,9,7,12,1,7,0,0,0,0,1,1
"Oscar",4,1,4,3,6,3,0,4,1,0,2,0,0,12
"Pedro",0,0,0,0,0,0,0,0,1,2,0,0,0,0
"Thibaut Courtois",1,0,0,0,2,1,0,0,0,0,0,0,0,0
"Victor Moses",0,1,0,0,0,0,0,0,0,0,0,0,0,0
"Willian",10,1,0,1,3,0,0,4,3,10,0,1,0,0
