"Asmir Begovic",0,0,0,4,1,0,1,2,0,0,0,0,0,0
"César Azpilicueta",2,0,12,5,3,7,2,0,6,3,3,0,1,1
"Cesc Fàbregas",0,4,0,2,5,7,2,1,4,0,3,1,0,3
"David Luiz",2,10,1,0,3,1,8,4,2,4,2,0,1,1
"Diego Costa",0,4,1,1,0,3,1,1,3,4,2,0,1,1
"Eden Hazard",0,4,2,0,1,0,2,1,8,2,2,0,2,0
"Gary Cahill",5,4,1,5,2,2,0,5,4,0,1,0,4,3
"Kurt Zouma",1,0,2,4,0,0,4,0,5,2,2,0,0,0
"N'Golo Kanté",1,9,10,1,3,8,1,4,0,2,7,0,2,2
"Nemanja Matic",0,2,1,2,1,5,0,3,3,0,0,0,2,0
"Pedro",1,5,0,0,2,2,0,0,8,1,0,0,0,1
"Ruben Loftus-Cheek",0,0,2,0,0,0,0,0,0,0,0,0,0,1
"Victor Moses",0,0,0,2,2,1,2,1,0,2,0,0,0,0
"Willian",0,3,3,1,0,1,1,0,1,0,0,1,0,0
