"Aaron Ramsey",0,1,9,8,4,0,19,12,10,3,0,0,10,0
"Alex Iwobi",0,0,0,0,1,1,3,1,0,3,1,0,0,0
"Alex Oxlade-Chamberlain",7,1,0,5,3,0,12,8,7,6,1,0,7,0
"Alexis Sánchez",12,0,2,0,2,0,4,3,5,7,0,0,5,1
"Danny Welbeck",2,1,2,1,0,0,9,2,1,5,0,0,0,1
"David Ospina",0,0,0,0,1,0,0,3,2,0,0,0,2,0
"Granit Xhaka",19,3,15,14,3,0,0,12,10,11,0,0,19,2
"Héctor Bellerín",11,0,12,2,4,2,21,0,0,0,1,1,11,8
"Laurent Koscielny",13,2,6,7,0,1,17,1,0,5,0,2,12,2
"Nacho Monreal",9,3,9,14,5,1,8,1,3,0,1,1,3,0
"Olivier Giroud",1,1,1,0,0,0,0,1,0,0,0,0,0,0
"Petr Cech",0,0,0,0,0,0,0,0,1,0,0,0,1,0
"Shkodran Mustafi",9,0,3,1,1,3,16,18,18,3,1,0,0,0
"Theo Walcott",1,0,2,0,0,0,3,6,0,0,0,0,2,0
