"Bojan",0,1,1,8,6,0,1,0,3,4,0,0,0
"Erik Pieters",3,0,1,5,5,0,2,7,1,14,2,1,4
"Giannelli Imbula",2,1,0,4,1,0,0,0,0,1,0,0,1
"Glenn Whelan",6,7,1,0,4,0,0,0,5,7,2,5,0
"Joe Allen",5,6,3,1,0,0,1,0,2,2,0,0,0
"Jonathan Walters",1,0,0,1,1,0,0,0,1,0,0,0,0
"Mame Biram Diouf",3,0,1,0,2,0,0,1,1,0,0,0,0
"Marko Arnautovic",0,2,1,1,3,0,0,0,0,0,0,2,0
"Phil Bardsley",2,0,2,4,3,1,3,1,0,1,0,2,0
"Philipp Wollscheid",1,12,0,4,0,1,2,1,0,0,0,5,4
"Ramadan Sobhi",1,1,0,1,1,0,0,0,0,0,0,0,0
"Ryan Shawcross",2,2,1,1,1,1,1,0,3,1,0,0,6
"Shay Given",1,0,0,0,0,0,1,2,1,0,0,0,0
