"Branislav Ivanovic",0,0,3,1,0,2,8,14,5,7,0,0,1,6
"César Azpilicueta",0,0,4,11,3,6,1,5,12,0,1,2,0,1
"Cesc Fàbregas",3,2,0,1,0,2,1,0,0,0,1,0,3,0
"David Luiz",1,6,2,0,1,6,14,12,9,3,2,7,0,0
"Diego Costa",0,1,0,1,0,2,0,5,1,3,0,0,0,1
"Eden Hazard",2,10,4,0,2,0,0,3,8,2,0,0,0,1
"Gary Cahill",12,3,1,13,0,1,0,8,5,2,2,4,0,6
"N'Golo Kanté",10,8,1,13,1,1,13,0,7,2,0,0,0,5
"Nemanja Matic",2,7,0,6,3,10,6,8,0,1,0,1,0,1
"Oscar",3,0,0,3,2,2,4,1,1,0,0,0,0,5
"Pedro",0,2,3,0,0,1,0,0,0,0,0,0,0,0
"Thibaut Courtois",2,2,0,4,0,0,5,0,0,0,0,0,0,0
"Victor Moses",1,0,0,0,1,1,0,0,0,0,0,0,0,0
"Willian",11,0,0,0,3,2,0,3,2,2,0,0,0,0
