"Aaron Lennon",0,0,0,0,0,0,0,1,0,0,0,0,0,0
"Arouna Koné",0,0,0,0,0,3,1,5,0,0,0,0,0,0
"Gareth Barry",0,0,0,3,2,3,1,5,1,0,3,0,4,0
"Gerard Deulofeu",0,0,1,0,0,0,2,4,0,0,0,0,2,0
"Idrissa Gueye",0,1,3,1,0,3,3,2,0,6,2,4,3,0
"James McCarthy",0,2,1,3,3,0,2,0,1,2,1,1,4,0
"Kevin Mirallas",0,0,0,1,2,2,0,6,1,0,2,4,0,0
"Leighton Baines",1,3,5,3,4,0,5,0,1,1,0,8,3,0
"Maarten Stekelenburg",0,2,1,1,0,0,0,0,0,1,0,2,1,0
"Mason Holgate",0,1,1,0,2,4,0,0,5,0,3,2,1,1
"Phil Jagielka",0,0,0,0,2,1,1,0,3,3,0,5,1,0
"Ramiro Funes Mori",0,0,4,1,1,0,3,6,3,1,3,0,4,0
"Ross Barkley",1,1,2,0,4,4,2,5,0,1,0,0,0,0
"Tom Cleverley",1,0,0,0,0,0,0,0,0,2,0,0,0,0
