"Adnan Januzaj",0,1,2,0,1,0,1,1,0,0,0,2,0
"Donald Love",4,0,1,10,2,0,3,1,3,0,0,7,1
"Duncan Watmore",0,2,0,1,0,3,0,2,0,0,3,3,0
"Jack Rodwell",1,6,3,0,0,0,0,4,1,8,2,1,0
"Jeremain Lens",4,0,0,0,0,1,0,1,0,1,1,2,0
"Jermain Defoe",1,0,1,0,1,0,0,0,1,1,1,3,0
"John O'Shea",1,1,1,0,0,0,0,0,0,4,3,0,1
"Lynden Gooch",0,7,3,2,2,0,0,0,0,2,5,8,0
"Paddy McNair",1,2,1,0,0,0,0,0,0,4,2,0,2
"Papy Djilobodji",1,1,1,6,1,1,3,6,0,0,9,7,5
"Patrick van Aanholt",1,1,6,2,1,0,0,4,4,6,0,11,1
"Steven Pienaar",1,2,2,1,5,4,0,9,2,5,8,0,0
"Vito Mannone",0,0,0,0,0,0,1,0,0,4,1,0,0
