"Branislav Ivanovic",0,0,0,0,0,0,0,0,0,0,0,0,0,0
"César Azpilicueta",0,0,19,6,3,0,1,0,2,0,3,2,4,7
"Cesc Fàbregas",0,6,0,6,8,10,7,1,0,0,0,0,5,4
"David Luiz",0,9,4,0,0,3,9,2,3,0,1,2,0,0
"Diego Costa",0,2,0,3,0,7,0,2,1,0,0,0,3,6
"Eden Hazard",0,2,5,0,5,0,2,6,4,0,2,0,3,7
"Gary Cahill",0,5,7,8,0,8,0,4,9,0,1,3,0,0
"Marcos Alonso",0,0,1,3,3,6,5,0,4,0,2,0,0,2
"N'Golo Kanté",1,5,4,2,6,4,5,5,0,1,0,0,1,3
"Nathaniel Chalobah",0,1,0,0,0,1,0,0,1,0,0,0,0,0
"Nemanja Matic",0,2,0,3,1,0,3,2,2,2,0,0,0,0
"Thibaut Courtois",0,2,1,1,0,0,4,0,0,0,0,0,0,0
"Victor Moses",0,9,9,2,2,3,1,1,0,0,0,1,0,1
"Willian",0,1,7,1,1,3,1,2,4,0,1,0,5,0
