"Anthony Martial",0,0,1,4,5,7,2,0,1,1,12,2,4,0
"Antonio Valencia",0,0,0,0,8,2,1,3,1,5,7,6,7,3
"David de Gea",0,1,0,0,0,0,7,0,0,0,0,3,0,1
"Jesse Lingard",4,0,0,0,2,0,3,0,0,0,2,1,0,0
"Juan Mata",6,9,0,0,0,1,3,1,1,7,4,5,4,3
"Luke Shaw",13,0,0,0,1,0,8,0,0,4,8,4,8,1
"Marcos Rojo",1,2,3,5,5,11,0,0,2,11,15,12,0,3
"Marcus Rashford",0,1,0,0,3,0,0,0,0,0,1,0,0,0
"Marouane Fellaini",0,1,0,0,2,0,2,1,0,0,5,1,0,3
"Michael Carrick",1,5,0,0,4,6,5,0,0,0,13,6,7,2
"Paul Pogba",10,4,0,2,6,8,10,2,4,13,0,5,1,5
"Phil Jones",0,11,8,1,4,2,15,0,2,10,7,0,0,0
"Wayne Rooney",4,7,0,0,3,2,2,0,0,7,5,2,0,0
"Zlatan Ibrahimovic",1,2,0,0,3,1,1,0,2,0,2,0,4,0
