"Alex Iwobi",0,0,1,2,0,2,1,1,0,2,2,0,0,0
"Alex Oxlade-Chamberlain",0,0,3,4,0,1,1,0,0,2,5,0,0,0
"Alexis Sánchez",0,2,0,4,0,4,2,1,2,6,3,0,0,1
"Francis Coquelin",3,0,6,0,2,13,1,4,0,4,3,0,0,0
"Gabriel",0,0,0,6,0,7,12,7,0,5,0,0,1,0
"Granit Xhaka",7,3,6,9,10,0,3,11,0,16,6,0,1,1
"Héctor Bellerín",1,0,1,2,9,11,0,0,0,10,0,1,0,6
"Laurent Koscielny",0,7,2,5,7,7,3,0,0,4,9,1,6,0
"Lucas Pérez",0,0,3,0,0,0,0,0,0,0,0,0,0,0
"Mesut Özil",1,2,9,3,3,14,5,2,0,0,3,1,0,3
"Nacho Monreal",1,2,5,5,2,7,0,4,1,3,0,1,0,0
"Olivier Giroud",0,0,0,2,1,0,0,0,0,0,0,0,0,0
"Petr Cech",0,1,1,0,2,1,0,2,0,0,0,0,0,0
"Theo Walcott",0,0,1,0,0,1,4,0,0,3,0,0,0,0
