"Adam Clayton",0,3,0,9,5,1,1,5,2,7,8,9,0,1
"Adama Traoré",2,0,0,0,0,0,0,0,0,1,1,3,1,0
"Adlène Guédioura",0,0,0,0,1,0,0,0,0,1,0,2,0,0
"Ben Gibson",9,1,0,0,1,1,0,0,0,4,4,4,1,4
"Bernardo Espinosa",3,0,0,3,0,2,0,4,0,2,1,3,0,0
"Cristhian Stuani",1,0,0,0,1,0,0,0,0,0,2,1,2,0
"Daniel Ayala",0,0,0,0,0,0,0,0,0,0,0,1,0,0
"Fabio",5,0,0,1,3,0,0,0,0,1,1,4,0,0
"Gastón Ramírez",1,0,0,1,0,0,0,0,0,0,3,0,0,0
"George Friend",8,2,1,9,2,1,0,0,0,0,3,1,6,1
"Grant Leadbitter",7,2,0,4,0,0,0,2,3,0,0,2,0,0
"Marten de Roon",8,1,2,1,4,1,0,2,0,0,2,0,1,2
"Rudy Gestede",0,0,0,1,0,0,0,0,1,0,3,0,0,1
"Víctor Valdés",1,0,0,1,2,0,0,1,0,0,0,1,4,0
