"Aaron Ramsey",0,2,5,0,0,1,4,4,2,0,0,3,0,0
"Alex Oxlade-Chamberlain",1,0,0,0,0,0,2,4,0,0,0,1,0,0
"Alexis Sánchez",3,0,0,1,0,1,5,5,12,8,4,1,0,1
"Danny Welbeck",0,0,1,0,0,1,2,2,3,2,0,0,1,1
"Emiliano Martínez",0,0,1,0,0,1,0,1,0,0,1,0,0,0
"Gabriel",4,0,2,0,2,0,23,1,10,9,9,1,3,0
"Granit Xhaka",7,0,10,2,0,12,0,7,18,13,6,0,11,1
"Héctor Bellerín",2,4,1,1,1,3,10,0,7,10,0,0,8,4
"Mesut Özil",2,2,19,1,0,6,21,5,0,4,5,2,1,2
"Mohamed Elneny",0,0,5,1,0,5,13,6,9,0,6,0,4,0
"Nacho Monreal",0,0,12,1,1,8,5,0,6,3,0,0,1,0
"Olivier Giroud",2,0,2,0,0,0,1,0,1,0,1,0,0,0
"Shkodran Mustafi",1,1,1,0,2,9,10,2,5,1,0,0,0,3
"Theo Walcott",0,0,1,2,0,0,0,2,1,0,0,0,0,0
