"Alfie Mawson",0,0,13,0,0,2,0,0,1,0,3,0,7,7
"Borja Bastón",0,0,0,0,0,0,0,0,0,0,0,0,0,1
"Federico Fernández",8,0,0,0,0,1,8,9,3,5,4,0,1,2
"Fernando Llorente",1,0,1,0,0,2,0,0,1,0,0,0,3,3
"Gylfi Sigurdsson",1,1,0,1,0,1,3,4,2,0,0,0,2,2
"Jordan Ayew",0,0,0,1,3,0,2,0,2,0,0,0,2,2
"Ki Sung-yueng",1,0,4,1,6,0,0,8,4,0,0,0,2,0
"Kyle Naughton",3,0,5,2,2,1,5,0,0,3,2,1,1,0
"Leon Britton",3,0,6,0,2,1,3,1,0,0,1,0,2,3
"Leroy Fer",1,0,5,0,1,0,0,1,1,0,0,0,0,2
"Lukasz Fabianski",4,0,3,0,0,0,0,1,1,0,0,0,1,0
"Mike van der Hoorn",0,0,0,0,0,0,0,0,1,0,0,0,0,0
"Stephen Kingsley",4,0,1,5,1,4,2,2,1,0,0,0,0,11
"Tom Carroll",6,0,3,3,3,1,3,2,4,1,0,0,8,0
