"Aaron Cresswell",0,0,2,0,1,0,4,0,5,4,0,0,1
"Adrián",0,0,0,0,0,0,2,1,0,0,0,0,0
"André Ayew",0,0,0,0,1,0,0,2,1,0,0,6,0
"Ashley Fletcher",0,0,0,0,0,0,0,0,0,0,1,0,0
"Cheikhou Kouyaté",2,1,0,0,0,1,1,2,3,0,0,0,0
"James Collins",2,2,0,0,1,0,1,0,1,1,0,0,2
"Jonathan Calleri",0,0,1,0,1,0,0,1,1,3,0,1,0
"José Fonte",0,0,3,0,0,0,2,0,0,3,0,4,2
"Manuel Lanzini",5,0,0,0,1,1,1,0,0,1,0,6,1
"Mark Noble",2,0,2,0,3,1,2,2,3,0,0,3,2
"Robert Snodgrass",0,0,0,0,0,0,0,0,0,0,0,0,0
"Sam Byram",0,0,8,0,2,0,1,6,4,6,0,0,0
"Winston Reid",2,4,0,0,0,2,1,1,0,1,0,2,0
