"Aleksandar Kolarov",0,5,0,2,1,8,1,0,0,5,1,3,3,3
"David Silva",7,0,0,3,1,6,1,10,1,2,2,10,4,1
"Fabian Delph",0,0,0,1,0,0,0,0,0,6,0,0,0,0
"Fernandinho",2,10,2,0,1,8,0,3,3,1,1,1,0,1
"Jesús Navas",0,3,0,2,0,0,0,6,6,0,4,0,1,0
"John Stones",10,8,2,3,2,0,0,2,7,1,3,2,3,6
"Kelechi Iheanacho",0,0,1,0,0,0,0,2,0,0,0,0,0,0
"Kevin De Bruyne",1,8,0,4,5,1,0,0,1,1,5,6,1,0
"Nicolás Otamendi",0,0,0,2,7,7,0,4,0,0,4,1,2,5
"Nolito",3,2,3,1,0,1,0,1,0,0,0,0,0,0
"Pablo Zabaleta",1,1,0,3,7,3,2,5,10,0,0,1,3,2
"Raheem Sterling",3,7,0,0,1,0,1,2,1,0,2,0,3,0
"Sergio Agüero",2,3,0,3,0,1,0,5,0,0,1,0,0,0
"Willy Caballero",0,1,0,2,0,4,0,2,5,0,1,1,0,0
