"Aiden O'Neill",0,1,3,0,2,0,1,2,0,0,0,2,0,0
"Ben Mee",0,0,6,2,3,0,0,6,0,0,1,7,1,0
"Dean Marney",6,2,0,1,2,2,6,6,0,0,0,4,0,1
"George Boyd",1,1,1,0,0,0,0,0,0,0,2,1,0,0
"Jeff Hendrick",0,1,3,2,0,0,3,2,0,1,0,3,4,0
"Johann Berg Gudmundsson",0,0,1,0,0,0,2,1,0,0,0,0,1,0
"Matthew Lowton",0,1,4,0,2,4,0,5,0,2,2,0,1,1
"Michael Keane",1,7,4,1,3,0,6,0,0,0,1,0,1,2
"Michael Kightly",1,1,2,0,0,0,0,1,0,0,0,1,0,1
"Patrick Bamford",0,0,0,0,0,0,3,0,0,0,0,0,0,0
"Sam Vokes",1,1,0,0,2,1,0,1,0,0,0,0,1,0
"Stephen Ward",3,4,5,1,4,0,0,1,4,0,2,0,3,0
"Steven Defour",0,3,1,1,2,0,1,2,0,0,0,1,0,1
"Tom Heaton",0,0,0,0,0,0,0,0,0,0,4,0,0,0
