"Adam Smith",0,6,2,2,2,2,11,4,10,3,0,0,9,2
"Andrew Surman",12,0,1,0,8,1,16,4,0,0,7,3,6,5
"Artur Boruc",1,1,0,0,1,0,0,0,0,0,0,0,2,1
"Callum Wilson",1,0,0,0,1,0,2,1,0,1,1,2,1,0
"Charlie Daniels",0,12,0,2,0,0,5,1,0,0,7,2,0,3
"Dan Gosling",2,2,0,0,0,0,2,2,0,0,0,1,1,1
"Harry Arter",12,11,0,2,3,3,0,2,1,1,2,2,6,6
"Jack Wilshere",3,4,0,1,1,1,3,0,0,0,1,0,0,0
"Jordon Ibe",5,3,0,0,0,0,3,0,0,1,1,0,1,0
"Joshua King",1,5,0,1,0,0,1,2,0,0,1,0,0,0
"Junior Stanislas",1,8,0,2,3,0,5,0,0,1,0,0,1,0
"Max Gradel",1,2,0,1,2,0,3,1,0,0,0,0,0,0
"Simon Francis",11,7,2,0,0,1,3,0,2,1,1,0,0,6
"Steve Cook",3,4,3,2,10,0,2,0,0,0,2,0,2,0
