"Aleksandar Kolarov",0,9,0,8,1,15,1,17,0,3,0,1,2,13
"Claudio Bravo",8,0,0,2,0,3,1,6,0,0,0,0,0,4
"David Silva",0,0,0,8,0,3,6,3,0,3,0,8,4,12
"Fabian Delph",8,0,8,0,1,20,2,5,2,4,3,2,1,17
"Fernando",0,0,0,3,0,0,1,0,1,0,1,5,0,0
"Gaël Clichy",19,5,2,9,2,0,0,3,0,4,4,0,10,8
"Jesús Navas",7,4,13,5,0,0,0,7,3,0,0,14,5,8
"John Stones",10,4,4,8,2,1,13,0,0,2,0,9,1,13
"Kelechi Iheanacho",0,0,0,2,0,1,0,0,0,0,0,5,0,0
"Leroy Sané",2,0,3,4,0,3,2,0,0,0,0,0,2,3
"Nolito",0,0,0,1,4,1,1,0,0,0,0,0,1,0
"Raheem Sterling",4,0,6,4,3,0,6,5,1,2,2,0,4,7
"Sergio Agüero",0,1,1,2,0,0,5,2,3,3,0,5,0,7
"Yaya Touré",7,3,16,13,0,7,16,13,0,3,0,8,2,0
