"Christian Eriksen",0,3,2,0,5,1,0,0,6,1,0,5,2,5
"Danny Rose",3,0,4,4,4,0,2,2,0,2,0,1,2,3
"Dele Alli",3,4,0,0,0,1,0,1,3,3,0,5,1,1
"Georges-Kévin Nkoudou",0,1,0,0,0,1,0,2,0,0,0,0,0,1
"Harry Kane",1,1,1,0,0,0,0,0,0,5,1,1,0,0
"Harry Winks",1,2,1,0,1,0,0,0,2,0,3,0,0,1
"Hugo Lloris",0,3,1,0,0,0,0,8,0,1,0,0,3,0
"Jan Vertonghen",2,5,4,0,0,0,6,0,1,1,0,0,4,1
"Kyle Walker",4,1,3,0,3,1,3,2,0,3,7,0,3,3
"Mousa Dembélé",4,1,3,0,1,0,1,3,0,0,0,3,4,14
"Moussa Sissoko",2,1,0,1,1,4,0,0,2,1,0,0,0,2
"Son Heung-Min",3,0,1,0,0,0,0,0,1,4,0,0,0,0
"Toby Alderweireld",2,1,2,0,1,1,4,2,4,3,0,0,0,2
"Victor Wanyama",2,5,3,0,0,2,0,3,4,6,2,1,4,0
