"Alfie Mawson",0,0,12,3,2,2,6,2,0,7,1,0,6,0
"Borja Bastón",0,0,0,0,1,0,1,0,0,0,0,2,1,2
"Federico Fernández",3,1,0,0,0,8,6,5,2,3,3,0,1,0
"Fernando Llorente",0,0,0,0,1,1,0,2,1,0,4,0,1,2
"Gylfi Sigurdsson",0,0,0,3,0,3,2,5,1,0,0,1,3,3
"Jack Cork",9,0,6,0,2,0,7,4,0,1,4,0,4,2
"Ki Sung-yueng",8,2,4,0,3,7,0,5,3,2,2,0,11,2
"Kyle Naughton",2,1,2,4,5,10,6,0,2,2,8,2,0,1
"Leroy Fer",0,0,1,1,2,0,2,2,0,0,0,0,2,0
"Lukasz Fabianski",6,0,0,1,0,0,1,4,0,0,0,1,1,0
"Nathan Dyer",0,0,0,3,2,3,2,10,0,1,0,0,0,0
"Oliver McBurnie",0,1,0,0,1,0,1,0,0,1,0,0,0,0
"Stephen Kingsley",6,2,1,1,2,3,12,0,1,1,0,0,0,5
"Wayne Routledge",1,1,2,1,2,0,2,2,0,0,0,2,1,0
