"Aaron Ramsey",0,2,9,1,1,9,1,6,3,7,7,0,1,2
"Alex Oxlade-Chamberlain",3,0,0,2,0,6,0,0,2,5,0,0,0,3
"Alexis Sánchez",11,3,0,1,3,2,0,4,1,6,9,0,0,2
"Danny Welbeck",0,1,0,0,0,1,0,1,0,3,1,0,0,1
"Francis Coquelin",0,0,3,0,0,0,1,3,0,2,0,0,1,1
"Granit Xhaka",3,2,5,1,0,0,0,1,6,19,11,0,0,15
"Héctor Bellerín",1,0,0,0,2,0,0,0,0,0,0,0,0,1
"Kieran Gibbs",2,1,6,0,2,7,0,0,2,0,5,1,0,0
"Laurent Koscielny",6,1,0,2,0,4,0,0,0,2,6,0,0,9
"Mesut Özil",7,1,15,0,0,12,0,0,2,0,5,0,0,4
"Nacho Monreal",9,0,11,1,1,18,0,11,4,2,0,0,4,0
"Olivier Giroud",0,0,0,0,0,0,0,1,0,0,0,0,0,0
"Petr Cech",1,0,0,0,0,0,0,2,0,0,4,0,0,1
"Rob Holding",5,9,1,0,0,6,0,1,7,7,4,0,4,0
