"Ander Herrera",0,1,16,7,8,1,2,2,8,3,7,7,11,6
"Anthony Martial",3,0,0,1,1,0,0,0,1,2,1,0,1,2
"Antonio Valencia",15,0,0,3,2,0,2,5,12,0,8,8,7,2
"Chris Smalling",5,0,4,0,5,3,6,0,2,0,1,0,0,0
"Daley Blind",9,3,2,2,0,2,0,2,0,4,9,1,3,4
"David de Gea",1,0,1,2,0,0,1,0,0,0,0,1,0,0
"Eric Bailly",3,0,6,0,0,2,0,1,0,0,0,2,2,1
"Jesse Lingard",6,0,5,0,1,0,0,0,1,0,1,3,2,3
"Juan Mata",12,1,7,1,2,0,0,0,0,5,1,0,6,2
"Marcos Rojo",5,1,0,0,0,1,0,3,1,0,0,0,6,1
"Marcus Rashford",4,1,4,0,6,0,0,1,4,0,0,1,4,0
"Marouane Fellaini",8,0,4,1,1,1,0,1,0,0,1,0,4,5
"Paul Pogba",7,3,7,2,5,0,0,0,6,5,10,5,0,7
"Zlatan Ibrahimovic",6,2,5,1,2,0,1,4,1,2,0,1,10,0
