"Aaron Ramsey",0,8,5,0,1,11,9,0,5,9,6,3,1,12
"Alex Iwobi",7,0,1,0,0,2,10,0,1,3,0,0,0,4
"Alexis Sánchez",9,1,0,0,2,2,5,1,1,4,5,4,0,3
"Danny Welbeck",1,0,0,0,0,0,0,0,0,0,0,0,0,0
"Francis Coquelin",0,0,1,0,0,1,0,1,0,0,1,1,0,1
"Gabriel",13,2,2,0,0,0,5,3,1,9,0,1,1,9
"Granit Xhaka",8,4,5,0,0,2,0,0,7,13,12,2,1,4
"Héctor Bellerín",1,0,0,0,0,2,0,0,0,0,0,0,0,1
"Laurent Koscielny",8,2,3,0,0,0,4,0,0,2,15,1,5,12
"Mesut Özil",11,4,11,0,1,8,6,0,2,0,2,0,0,1
"Nacho Monreal",3,0,15,0,0,0,13,0,14,2,0,2,0,0
"Olivier Giroud",3,1,0,0,0,1,1,0,1,2,4,0,0,1
"Petr Cech",1,0,0,0,0,1,0,0,2,1,1,3,0,3
"Shkodran Mustafi",6,6,1,0,1,5,5,0,10,3,2,1,6,0
