"Aleix García",0,1,1,0,0,0,2,0,0,0,0,0,0,1
"Aleksandar Kolarov",0,0,3,10,14,3,2,0,15,4,2,6,1,2
"Claudio Bravo",0,0,0,0,1,2,1,0,7,0,14,0,0,0
"David Silva",0,5,0,0,4,1,6,0,2,0,9,12,3,4
"Fernandinho",1,16,2,12,0,17,6,0,10,0,4,6,4,5
"Fernando",0,2,2,1,15,0,10,1,3,0,12,0,9,5
"Ilkay Gündogan",1,3,0,3,11,5,0,2,5,0,6,0,4,6
"Jesús Navas",0,0,0,0,0,3,0,0,0,0,0,0,0,1
"John Stones",1,17,10,4,9,1,3,0,0,0,12,2,1,1
"Kevin De Bruyne",0,2,0,1,1,0,1,0,0,0,0,0,1,0
"Nicolás Otamendi",0,2,7,5,14,15,6,0,10,1,0,1,3,2
"Nolito",0,5,2,12,4,0,1,0,1,0,1,0,0,3
"Raheem Sterling",0,1,0,3,2,5,5,0,2,0,2,0,0,5
"Sergio Agüero",0,5,0,0,2,6,7,1,2,1,1,4,2,0
