"Alfie Mawson",0,8,3,2,2,1,3,0,4,7,5,0,2,2
"Angel Rangel",7,0,3,3,2,5,4,0,9,17,3,1,1,5
"Borja Bastón",0,1,0,0,0,5,1,0,1,0,0,0,0,2
"Fernando Llorente",0,3,0,0,2,0,1,1,0,3,0,0,0,1
"Gylfi Sigurdsson",1,3,2,1,0,0,4,0,2,2,0,3,1,2
"Jack Cork",3,2,2,0,5,0,0,0,3,0,0,2,0,1
"Jay Fulton",4,6,2,2,2,1,0,3,6,2,0,2,6,2
"Jefferson Montero",1,2,0,0,1,0,1,0,0,5,0,0,2,0
"Jordi Amat",7,5,1,0,3,2,10,1,0,10,4,0,8,5
"Leon Britton",4,22,0,3,4,0,5,2,13,0,2,1,4,2
"Lukasz Fabianski",9,2,0,0,0,0,0,0,3,0,0,0,0,0
"Modou Barrow",0,0,1,0,0,2,1,0,0,1,0,0,2,0
"Neil Taylor",1,0,0,1,2,2,6,5,6,5,2,2,0,0
"Wayne Routledge",1,4,0,0,0,0,2,0,2,3,0,0,3,0
