"Ben Foster",0,0,1,0,1,0,0,0,3,0,1,1,2
"Claudio Yacob",2,0,0,1,5,2,1,0,5,0,4,1,2
"Craig Dawson",0,1,0,0,4,2,1,0,0,8,3,0,3
"Craig Gardner",0,0,0,0,1,0,0,0,0,1,1,2,0
"Darren Fletcher",1,7,6,1,0,3,0,0,2,6,10,1,1
"Gareth McAuley",1,0,2,0,5,0,0,0,1,0,2,0,3
"James McClean",0,0,0,0,1,0,0,0,1,0,1,1,0
"James Morrison",0,0,0,0,1,0,0,0,0,0,0,0,0
"Jonny Evans",2,7,2,0,3,4,0,1,0,0,5,2,1
"Matt Phillips",0,1,3,1,5,0,0,0,1,0,2,1,0
"Nacer Chadli",0,1,5,1,8,1,0,0,0,2,0,2,4
"Nyom",1,1,0,1,0,0,1,0,3,0,3,0,5
"Salomón Rondón",0,1,2,1,5,0,1,0,0,1,2,1,0
