"Ben Davies",0,3,6,5,0,11,0,1,1,8,7,5,3,0
"Christian Eriksen",8,0,6,7,0,6,0,6,0,10,6,2,6,1
"Dele Alli",7,6,0,2,0,1,0,3,0,4,6,1,1,0
"Eric Dier",5,12,5,0,1,11,0,10,4,12,1,1,8,1
"Georges-Kévin Nkoudou",0,0,0,0,0,0,0,0,0,2,0,0,0,0
"Jan Vertonghen",12,6,3,11,0,0,0,0,7,14,1,1,12,0
"Kieran Trippier",0,0,0,0,0,0,0,0,0,0,0,0,0,0
"Kyle Walker",4,8,1,4,0,0,1,0,2,9,2,2,8,0
"Michel Vorm",1,0,0,3,0,11,0,1,0,0,0,0,5,0
"Mousa Dembélé",6,19,11,16,2,12,0,1,0,0,4,3,5,2
"Moussa Sissoko",2,5,2,3,0,1,0,9,0,6,0,0,0,0
"Son Heung-Min",2,3,1,1,0,0,0,2,0,2,1,0,2,1
"Toby Alderweireld",4,6,2,11,0,12,0,6,7,7,4,0,0,0
"Vincent Janssen",0,0,2,0,0,0,0,0,0,1,0,1,0,0
