"Branislav Ivanovic",0,1,0,0,0,0,0,0,0,0,1,0,0,0
"César Azpilicueta",0,0,5,1,4,6,0,26,3,7,0,9,3,13
"David Luiz",0,7,0,1,0,12,1,1,0,3,0,0,1,3
"Diego Costa",0,1,0,0,5,2,6,3,0,2,0,3,0,4
"Eden Hazard",1,2,1,12,0,1,5,13,0,3,0,2,0,8
"Gary Cahill",0,8,8,2,7,0,11,1,0,10,0,0,3,1
"Marcos Alonso",0,0,2,4,11,10,0,2,1,13,0,1,1,1
"N'Golo Kanté",0,20,4,6,7,4,3,0,0,13,0,8,0,10
"Nathaniel Chalobah",0,0,1,0,1,1,0,0,0,1,0,0,0,1
"Nemanja Matic",0,3,5,4,10,12,10,9,1,0,0,3,0,1
"Oscar",0,0,0,0,0,0,0,0,0,0,0,0,0,0
"Pedro",0,4,1,1,5,0,2,6,0,1,0,0,0,7
"Thibaut Courtois",0,3,0,0,0,2,1,0,0,0,0,0,0,0
"Victor Moses",0,15,2,2,8,1,1,11,0,3,0,4,0,0
