"Christian Eriksen",0,2,3,0,4,1,0,2,0,9,0,1,3,1
"Dele Alli",3,0,1,0,2,2,0,0,3,1,0,9,2,0
"Eric Dier",2,0,0,0,1,1,3,5,2,6,1,0,3,0
"Georges-Kévin Nkoudou",0,0,0,0,0,2,0,0,3,0,1,0,0,0
"Harry Kane",4,3,1,2,0,0,0,0,1,1,1,1,2,1
"Harry Winks",3,0,5,1,1,0,0,0,5,0,3,0,2,0
"Hugo Lloris",0,0,4,0,2,0,0,2,1,1,1,0,1,0
"Jan Vertonghen",2,2,6,0,1,2,8,0,12,2,1,0,3,0
"Kevin Wimmer",1,7,1,5,0,3,2,4,0,1,7,4,5,0
"Kyle Walker",3,3,3,0,1,3,2,5,1,0,3,1,8,0
"Mousa Dembélé",2,6,0,0,0,1,0,1,5,0,0,3,8,0
"Son Heung-Min",1,4,0,0,1,0,0,1,3,3,5,0,1,0
"Victor Wanyama",6,1,4,2,1,4,1,8,6,8,5,1,0,0
"Vincent Janssen",0,0,0,0,1,0,0,0,0,0,0,0,0,0
