"Andre Gray",0,0,3,2,0,0,0,0,0,0,2,1,3,0
"Ben Mee",0,0,4,0,2,1,1,6,0,3,2,9,3,3
"Dean Marney",1,5,0,0,4,4,8,4,0,0,1,4,0,1
"George Boyd",0,0,1,0,2,1,0,0,0,0,0,1,3,0
"Jeff Hendrick",2,4,2,0,0,0,1,3,0,1,0,4,2,0
"Johann Berg Gudmundsson",0,0,2,0,1,0,5,0,0,1,0,1,0,0
"Matthew Lowton",0,1,7,0,2,4,0,5,1,0,7,1,4,3
"Michael Keane",1,8,6,0,1,1,5,0,0,0,1,1,0,0
"Patrick Bamford",0,0,0,0,0,1,1,0,0,0,0,0,0,0
"Sam Vokes",0,0,1,1,2,0,0,0,1,0,0,0,0,0
"Scott Arfield",1,0,0,0,0,0,5,1,0,0,0,0,0,0
"Stephen Ward",4,9,3,2,6,0,0,0,0,1,0,0,2,1
"Steven Defour",3,2,3,2,1,0,3,1,0,0,0,1,0,0
"Tom Heaton",0,1,0,0,0,0,0,1,0,1,0,0,0,0
