"Adam Lallana",0,0,3,1,2,1,1,5,1,1,5,3,0
"Divock Origi",2,0,1,0,0,0,0,1,0,0,1,0,0
"Emre Can",3,0,0,1,4,9,0,1,1,5,0,5,0
"Georginio Wijnaldum",2,1,6,0,5,0,0,5,2,2,3,0,1
"James Milner",1,1,2,6,0,0,0,0,5,3,7,0,1
"Joel Matip",1,0,3,2,2,0,0,5,1,3,3,1,5
"Lucas Leiva",0,0,0,0,0,0,0,0,0,0,0,0,0
"Nathaniel Clyne",5,3,4,1,1,4,0,0,0,1,4,7,2
"Philippe Coutinho",1,0,3,2,1,0,0,2,0,0,4,1,0
"Ragnar Klavan",0,0,3,0,10,3,0,1,0,0,1,0,3
"Roberto Firmino",3,1,3,5,2,1,0,1,4,1,0,2,0
"Sadio Mané",0,0,1,1,2,1,0,4,2,0,6,0,0
"Simon Mignolet",0,0,1,0,1,6,0,0,0,4,0,2,0
