"Ademola Lookman",0,0,0,5,0,0,0,0,4,1,0,0,0,1
"Ashley Williams",0,0,0,3,0,7,1,0,7,6,0,0,6,5
"Enner Valencia",0,0,0,1,0,0,0,0,0,0,0,3,1,0
"Idrissa Gueye",4,1,2,0,0,0,4,6,27,7,1,6,4,2
"James McCarthy",0,0,0,1,0,0,0,0,0,0,0,0,2,0
"Joel Robles",0,1,0,0,0,0,0,0,2,3,3,0,0,1
"Kevin Mirallas",0,1,0,5,1,0,0,1,0,0,0,1,1,0
"Leighton Baines",3,1,0,5,0,0,2,0,3,7,3,0,0,1
"Morgan Schneiderlin",2,12,1,19,0,0,2,7,0,11,1,7,8,10
"Ramiro Funes Mori",0,6,0,7,0,6,0,8,12,0,0,0,1,0
"Romelu Lukaku",0,0,1,2,0,0,0,1,1,0,0,4,0,1
"Ross Barkley",0,5,2,2,0,0,2,0,5,4,1,0,6,3
"Seamus Coleman",0,10,1,5,2,0,0,1,4,0,2,6,0,1
"Tom Davies",1,2,0,4,0,0,0,0,6,4,1,4,4,0
