"Andre Gray",0,0,0,0,3,0,0,3,1,0,3,1,0,0
"Ashley Barnes",0,0,0,0,0,0,0,0,0,0,0,0,0,0
"Ashley Westwood",1,0,0,4,2,1,2,4,0,1,7,11,0,0
"James Tarkowski",0,0,3,0,3,0,8,1,2,1,1,6,0,6
"Jeff Hendrick",1,0,8,9,0,0,7,0,3,1,1,3,0,2
"Johann Berg Gudmundsson",0,0,0,0,2,0,0,0,0,0,0,0,1,0
"Kevin Long",0,0,2,3,4,1,0,4,0,1,0,0,1,8
"Matthew Lowton",2,3,4,2,4,1,2,0,0,1,3,1,0,3
"Robbie Brady",1,0,3,0,2,0,0,0,0,3,0,3,0,0
"Sam Vokes",0,0,1,0,1,1,0,0,1,0,6,2,0,0
"Scott Arfield",6,0,3,2,2,0,0,2,0,2,0,2,1,0
"Stephen Ward",3,0,9,9,6,0,1,0,6,3,0,0,2,2
"Steven Defour",0,0,0,1,1,0,1,2,0,0,0,0,0,0
"Tom Heaton",1,0,0,1,1,0,1,1,0,6,0,0,0,0
