"Ander Herrera",0,14,4,8,1,14,5,7,0,5,14,11,4,9
"Antonio Valencia",18,0,3,0,2,2,3,8,0,3,4,1,3,4
"Chris Smalling",7,4,0,0,4,1,0,1,0,1,3,4,1,0
"Daley Blind",9,2,2,0,1,5,0,0,10,2,15,0,2,2
"David de Gea",1,1,4,1,0,0,0,0,0,2,0,1,0,0
"Henrikh Mkhitaryan",8,2,0,2,0,0,0,5,1,2,6,3,0,7
"Jesse Lingard",2,1,0,1,0,0,0,0,0,0,2,1,2,1
"Juan Mata",5,9,0,2,0,7,0,0,0,0,1,1,0,2
"Marcus Rashford",3,1,0,1,0,0,0,0,0,0,2,1,0,2
"Marouane Fellaini",5,3,2,2,0,3,0,2,0,0,5,0,0,1
"Paul Pogba",12,0,2,7,0,8,2,3,2,3,0,7,2,6
"Phil Jones",9,3,3,10,6,2,0,1,0,1,6,0,0,1
"Wayne Rooney",4,2,0,1,0,0,2,0,0,0,1,0,0,1
"Zlatan Ibrahimovic",6,0,0,2,0,2,0,3,0,2,4,0,1,0
