"Aaron Cresswell",0,1,2,7,1,4,3,1,1,2,5,7,0,0
"André Ayew",1,0,0,1,0,0,0,0,1,0,0,1,0,0
"Andy Carroll",0,0,0,0,0,0,0,0,0,2,1,1,0,0
"Angelo Ogbonna",10,0,2,0,1,7,2,1,1,7,0,4,0,4
"Cheikhou Kouyaté",0,0,0,0,0,0,1,0,9,0,0,2,3,0
"Darren Randolph",0,0,2,4,0,0,0,0,1,0,1,1,0,2
"Dimitri Payet",3,0,0,2,0,0,0,0,3,4,1,1,1,0
"Edimilson Fernandes",0,0,0,1,0,0,0,0,2,0,0,0,0,0
"Håvard Nordtveit",1,2,0,1,7,5,2,0,0,4,8,5,2,4
"Manuel Lanzini",5,0,0,6,1,0,6,1,1,0,3,8,0,0
"Michail Antonio",0,0,0,0,1,0,4,0,5,3,0,1,0,0
"Pedro Obiang",3,1,0,4,2,0,2,0,3,6,1,0,2,5
"Sofiane Feghouli",1,0,0,0,3,0,0,0,2,0,0,0,0,0
"Winston Reid",2,0,0,13,2,1,1,0,1,1,2,4,0,0
