"Andy King",0,0,0,3,0,2,1,0,1,0,0,1,0,1
"Christian Fuchs",2,0,1,5,0,0,4,3,2,5,0,2,5,0
"Daniel Amartey",1,3,0,5,1,0,1,0,2,3,0,2,0,0
"Daniel Drinkwater",1,10,1,0,3,1,7,1,3,4,1,3,0,1
"Danny Simpson",1,2,2,4,0,0,3,1,0,0,0,0,4,0
"Demarai Gray",0,1,0,3,0,0,1,0,0,0,0,0,0,2
"Islam Slimani",0,2,3,4,2,4,0,0,0,1,1,1,1,0
"Jamie Vardy",0,0,0,7,1,0,0,0,0,0,1,0,0,0
"Jeffrey Schlupp",1,0,2,3,0,0,0,0,0,0,0,1,1,0
"Marc Albrighton",0,4,0,1,1,0,1,3,0,0,1,0,0,1
"Riyad Mahrez",0,1,0,2,0,0,3,0,0,1,0,0,0,0
"Robert Huth",0,6,2,3,1,0,1,0,0,1,0,0,2,2
"Ron-Robert Zieler",0,1,0,0,0,2,2,0,0,0,0,1,0,0
"Wes Morgan",1,0,0,2,0,0,0,0,0,0,0,0,3,0
