"Aleksandar Kolarov",0,0,9,4,4,4,1,0,2,8,2,0,3
"Bacary Sagna",0,0,1,1,2,1,6,0,3,9,6,2,5
"Claudio Bravo",4,1,0,0,1,1,1,0,0,5,1,0,2
"David Silva",1,2,0,0,0,8,0,0,2,0,1,1,3
"Fernandinho",6,2,0,0,0,4,1,0,2,4,0,0,4
"Gaël Clichy",16,2,2,3,3,0,0,1,5,2,7,1,3
"Jesús Navas",1,3,0,0,1,1,0,0,1,2,1,0,4
"Kelechi Iheanacho",0,0,0,0,1,0,0,0,2,0,1,0,1
"Kevin De Bruyne",0,6,0,0,1,4,3,1,0,1,1,3,2
"Nicolás Otamendi",7,4,8,1,2,0,5,1,2,0,3,0,5
"Raheem Sterling",0,5,1,4,2,6,1,0,6,0,0,0,4
"Sergio Agüero",0,0,0,2,0,1,0,0,2,0,3,0,0
"Yaya Touré",4,3,0,3,3,5,3,1,5,6,6,1,0
