"Abdoulaye Doucouré",0,0,1,0,0,1,0,1,0,0,0,1,0,2
"Craig Cathcart",0,0,1,0,1,0,0,0,1,0,1,1,0,3
"Daryl Janmaat",0,3,0,2,1,1,0,0,0,1,0,1,0,2
"Etienne Capoue",1,2,3,0,0,0,1,1,0,0,3,2,0,0
"Heurelho Gomes",0,0,0,0,0,0,0,0,1,0,0,0,0,0
"Isaac Success",1,0,0,0,0,0,0,0,0,0,0,0,0,0
"M'Baye Niang",0,0,0,0,0,0,0,1,1,0,2,2,0,0
"Miguel Britos",0,0,0,0,0,0,2,0,0,0,2,1,0,2
"Sebastian Prödl",1,0,0,1,1,0,1,0,0,0,1,1,1,1
"Stefano Okaka",0,0,0,0,0,0,0,0,0,0,0,0,0,0
"Tom Cleverley",0,0,1,2,0,0,2,1,3,0,0,0,1,0
"Troy Deeney",1,0,2,2,0,0,0,2,0,0,1,0,1,0
"Valon Behrami",0,0,1,2,0,0,0,0,0,0,1,0,0,1
"Younes Kaboul",0,1,1,1,2,0,0,0,1,0,1,1,1,0
