"Charlie Austin",0,0,1,0,1,0,0,0,0,0,0,0,0,0
"Fraser Forster",0,0,0,1,1,3,0,0,0,1,0,1,0,0
"Jay Rodriguez",1,0,0,2,3,0,1,1,4,0,4,2,1,1
"Jérémy Pied",0,0,2,0,7,4,1,0,6,3,0,9,3,1
"Jordy Clasie",2,1,3,7,0,7,2,1,16,3,3,1,2,0
"Martín Cáceres",0,4,0,7,6,0,0,1,17,4,0,2,0,1
"Maya Yoshida",0,6,1,2,2,5,0,1,8,5,7,1,3,0
"Nathan Redmond",0,0,1,0,1,0,1,0,3,0,2,0,0,1
"Oriol Romeu",0,0,5,5,18,9,7,1,0,17,8,1,2,1
"Pierre-Emile Højbjerg",0,0,1,5,2,4,8,2,11,0,8,0,3,0
"Ryan Bertrand",0,0,6,0,3,1,8,4,5,7,0,2,4,0
"Shane Long",0,0,1,3,4,1,0,1,2,1,1,0,1,0
"Sofiane Boufal",0,0,0,1,2,1,1,0,2,2,6,1,0,0
"Steven Davis",0,0,0,1,1,0,0,2,1,0,0,0,0,0
