"Aaron Ramsey",0,4,2,3,3,0,5,3,0,16,1,1,1,3
"Alex Iwobi",4,0,0,0,0,0,0,1,0,0,1,0,0,1
"Alexis Sánchez",2,0,0,0,0,0,5,2,0,8,1,1,0,0
"Danny Welbeck",2,0,2,0,3,0,2,3,0,10,1,0,0,2
"Francis Coquelin",2,0,0,3,0,0,0,4,0,2,0,1,0,2
"Gabriel",1,0,2,0,0,0,6,4,1,5,2,0,3,0
"Granit Xhaka",6,0,3,3,0,8,0,6,0,7,3,2,2,2
"Héctor Bellerín",6,1,6,2,5,8,5,0,0,11,0,0,0,0
"Laurent Koscielny",0,0,0,0,0,0,0,0,0,1,0,0,0,2
"Mesut Özil",11,1,8,8,2,0,7,14,1,0,1,0,0,1
"Nacho Monreal",2,2,2,2,0,0,3,0,0,2,0,0,0,4
"Per Mertesacker",0,0,0,0,0,0,1,2,0,2,0,0,2,1
"Petr Cech",0,0,2,0,0,3,1,1,0,1,1,0,0,0
"Rob Holding",2,0,2,1,3,0,3,0,0,0,4,1,2,0
