"Cédric Soares",0,1,1,3,0,3,4,1,5,0,0,4,0,1
"Charlie Austin",0,0,0,0,0,0,0,1,0,2,0,0,1,1
"Fraser Forster",1,1,0,0,1,1,1,0,0,0,0,0,0,0
"Harrison Reed",0,0,0,0,0,1,1,1,0,1,0,0,0,0
"Jay Rodriguez",0,0,0,0,0,0,1,1,0,0,0,0,1,0
"José Fonte",4,2,4,2,0,0,1,3,3,2,0,0,0,3
"Nathan Redmond",5,0,0,1,1,1,0,2,3,0,0,0,0,0
"Oriol Romeu",4,0,0,0,1,3,2,0,7,3,0,2,3,2
"Pierre-Emile Højbjerg",5,1,1,0,0,2,4,4,0,1,0,3,1,3
"Ryan Bertrand",1,6,0,0,2,1,2,1,0,0,1,4,5,4
"Shane Long",0,1,0,0,0,0,0,0,0,1,0,0,0,0
"Sofiane Boufal",2,1,0,0,0,0,0,0,2,0,0,0,2,1
"Steven Davis",1,0,1,0,0,1,2,3,0,5,0,0,0,5
"Virgil van Dijk",4,0,4,0,0,5,0,6,1,9,0,0,2,0
