"Alfie Mawson",0,13,0,1,5,0,1,1,4,6,0,8,0
"Federico Fernández",10,0,1,0,5,0,10,7,4,0,0,2,2
"Fernando Llorente",0,0,0,1,1,0,1,5,0,1,0,7,3
"Gylfi Sigurdsson",1,0,0,0,4,0,0,2,0,3,0,4,0
"Jack Cork",6,5,1,3,0,0,5,9,1,4,0,9,1
"Jordan Ayew",0,0,0,0,0,0,2,0,0,0,0,0,0
"Kyle Naughton",3,8,3,0,5,2,0,8,1,0,1,1,8
"Leroy Fer",1,8,4,0,7,0,6,0,0,0,0,5,5
"Lukasz Fabianski",1,2,4,1,0,0,1,0,0,1,0,0,0
"Martin Olsson",5,0,4,3,2,0,0,0,0,0,0,5,0
"Nathan Dyer",0,0,0,0,0,0,2,0,0,0,0,0,0
"Tom Carroll",4,3,6,7,4,0,1,2,1,7,0,0,1
"Wayne Routledge",0,2,1,1,1,0,6,4,0,0,0,1,0
