"Adama Diomande",0,0,0,0,0,0,0,1,0,0,2,0,0,0
"Ahmed Elmohamady",0,0,2,4,2,7,6,8,7,0,5,0,1,2
"Andrew Robertson",0,0,0,3,0,0,2,4,0,4,5,7,1,3
"Curtis Davies",0,1,10,0,0,0,4,1,0,2,6,0,2,0
"David Marshall",0,1,0,0,0,0,0,2,1,0,1,0,0,1
"David Meyler",0,3,0,1,0,0,1,6,0,0,0,0,1,0
"Harry Maguire",1,6,0,2,3,2,0,2,5,0,4,0,0,2
"Jake Livermore",1,13,2,2,0,3,4,0,4,3,6,2,3,3
"Robert Snodgrass",0,4,3,0,1,0,0,4,0,4,3,3,2,1
"Ryan Mason",0,1,3,1,0,0,1,4,2,0,3,3,2,0
"Sam Clucas",1,7,2,9,2,1,5,9,2,4,0,3,2,1
"Shaun Maloney",0,0,8,0,0,0,1,2,0,2,4,0,0,2
"Tom Huddlestone",0,3,1,2,0,3,2,1,3,1,1,0,0,0
"Will Keane",0,4,1,0,0,1,1,5,4,1,1,2,2,0
