"Abdoulaye Doucouré",0,2,1,2,0,3,1,6,3,6,2,2,2,2
"Andrew Eleftheriou",2,0,0,0,1,3,0,0,0,1,1,2,0,2
"Brandon Mason",6,1,0,0,0,4,1,5,3,0,2,2,0,0
"Daryl Janmaat",3,0,0,0,0,1,3,0,1,2,1,2,0,1
"Dion Pereira",0,0,0,0,0,0,0,0,0,0,0,0,0,0
"Etienne Capoue",2,2,4,3,0,0,0,2,2,1,1,4,0,3
"Heurelho Gomes",0,0,0,0,0,0,0,0,1,1,0,0,0,3
"José Holebas",2,1,5,0,0,4,3,0,2,1,2,3,0,1
"M'Baye Niang",2,0,4,0,0,2,0,2,0,1,1,3,0,0
"Nordin Amrabat",2,0,0,4,0,2,1,1,0,0,0,2,0,0
"Stefano Okaka",2,1,0,0,0,1,0,0,0,0,0,1,0,0
"Tom Cleverley",4,1,6,0,0,0,0,4,3,2,0,0,0,2
"Troy Deeney",0,1,0,0,0,0,0,0,0,0,0,0,0,0
"Valon Behrami",0,2,1,4,0,2,2,1,0,1,0,0,0,0
