"Aleix García",0,1,0,0,1,1,0,0,0,0,0,0,2,0
"Aleksandar Kolarov",0,0,1,8,10,8,6,4,14,1,2,0,3,1
"Claudio Bravo",0,3,0,0,1,2,0,0,1,0,0,0,0,0
"David Silva",0,4,0,0,10,10,4,6,2,0,13,3,5,3
"Fernandinho",2,6,1,14,0,19,4,12,5,0,2,2,12,1
"Gaël Clichy",1,17,1,13,16,0,6,1,5,0,8,3,6,0
"Ilkay Gündogan",0,2,0,4,9,6,0,2,2,0,1,0,1,4
"Jesús Navas",0,2,0,5,4,1,3,0,5,0,10,0,8,1
"John Stones",0,14,2,3,14,6,4,2,0,0,1,0,7,0
"Kelechi Iheanacho",0,0,0,0,1,0,0,0,0,0,0,0,0,0
"Kevin De Bruyne",0,1,0,6,2,5,2,4,1,0,0,0,8,2
"Nolito",0,0,0,1,2,4,0,0,0,0,0,0,0,0
"Pablo Zabaleta",1,1,1,5,15,0,2,13,8,0,2,0,0,1
"Sergio Agüero",0,0,0,1,1,3,3,0,1,0,2,0,0,0
