"Adam Clayton",0,1,3,4,2,3,4,4,4,5,4,3,1
"Adam Forshaw",1,0,1,2,0,4,4,1,0,3,1,2,0
"Álvaro Negredo",1,2,0,2,0,0,0,2,1,3,1,2,0
"Ben Gibson",6,1,2,0,5,4,1,4,2,1,0,1,0
"Brad Guzan",0,0,0,0,0,1,0,0,0,1,0,0,0
"Calum Chambers",5,3,2,5,0,0,7,2,0,1,3,1,0
"Fabio",6,3,0,1,2,2,0,0,1,6,0,1,0
"George Friend",7,0,0,3,0,1,0,0,1,4,1,6,1
"Grant Leadbitter",2,0,0,0,0,0,1,1,0,1,2,0,1
"Marten de Roon",4,1,5,4,0,5,2,3,2,0,3,1,1
"Patrick Bamford",2,3,3,0,0,0,2,0,0,3,0,0,0
"Stewart Downing",2,4,0,4,0,0,1,7,0,0,0,0,0
"Viktor Fischer",2,0,0,1,0,2,0,0,0,1,0,0,0
