"Allan Nyom",0,0,0,2,2,0,0,1,0,1,0,4,4,2
"Ben Foster",0,0,0,0,0,0,0,0,0,0,0,4,2,2
"Chris Brunt",2,0,0,5,4,0,0,5,2,2,0,1,4,3
"Claudio Yacob",3,1,2,0,2,0,0,3,0,3,0,2,4,2
"Craig Dawson",0,1,11,1,0,1,5,3,0,5,1,1,6,0
"Darren Fletcher",0,0,2,0,3,0,2,1,2,0,1,3,2,1
"Gareth McAuley",0,4,1,1,3,1,0,1,3,1,0,3,0,1
"Jake Livermore",1,1,8,2,3,1,3,0,0,0,0,2,3,0
"James McClean",0,0,0,0,0,3,0,1,0,1,0,0,0,1
"James Morrison",2,0,3,2,1,0,2,5,0,0,0,0,4,0
"Jonathan Leko",0,0,0,0,1,0,0,0,0,0,0,0,2,0
"Jonny Evans",2,3,5,2,2,4,5,2,2,0,0,0,3,2
"Nacer Chadli",6,0,1,4,4,2,0,4,1,4,1,3,0,2
"Salomón Rondón",1,0,0,2,0,0,0,2,0,1,0,0,2,0
