"Allan Nyom",0,4,2,3,0,3,1,0,1,0,5,0,3,2
"Ben Foster",0,0,0,0,2,0,1,0,2,0,0,0,0,5
"Chris Brunt",1,0,0,0,0,2,0,0,0,1,1,0,0,1
"Claudio Yacob",2,0,0,0,0,2,2,0,3,0,0,1,3,0
"Craig Dawson",0,1,2,2,0,3,3,5,0,3,1,0,1,4
"Darren Fletcher",3,4,3,1,4,0,1,3,0,1,2,0,1,1
"Gareth McAuley",1,2,0,0,1,3,0,0,0,1,2,0,0,1
"Hal Robson-Kanu",1,0,0,0,3,0,0,0,0,3,0,0,1,0
"James McClean",5,0,0,1,0,0,0,0,0,0,1,0,1,0
"James Morrison",2,0,2,0,1,2,1,2,0,0,1,0,0,0
"Jonas Olsson",4,0,1,0,1,1,1,0,1,2,0,0,0,1
"Matt Phillips",0,0,0,0,2,2,0,0,0,0,0,0,0,0
"Nacer Chadli",2,0,1,0,2,4,1,0,1,0,0,1,0,1
"Salomón Rondón",1,0,3,2,2,2,0,2,1,0,1,1,1,0
