"Adam Lallana",0,1,0,0,1,0,6,0,0,1,0,3,1,0
"Daniel Sturridge",0,0,0,0,0,0,1,1,0,0,2,0,2,0
"Dejan Lovren",2,0,0,0,13,0,9,6,14,0,1,3,0,9
"Divock Origi",0,0,0,0,1,0,1,0,0,0,1,1,2,0
"Emre Can",3,0,4,1,0,5,9,7,10,1,1,16,8,1
"Georginio Wijnaldum",0,0,3,0,2,0,4,1,6,0,6,1,3,0
"James Milner",2,1,9,0,18,0,0,1,2,0,2,16,1,2
"Joel Matip",1,1,6,1,13,1,3,0,11,0,2,0,1,4
"Lucas Leiva",0,0,7,0,9,7,5,4,0,0,11,13,6,1
"Marko Grujic",1,0,0,0,0,0,0,0,0,0,0,0,1,0
"Nathaniel Clyne",0,0,2,1,2,8,0,8,9,0,0,1,10,0
"Philippe Coutinho",2,2,1,2,5,2,12,2,9,0,2,0,6,0
"Roberto Firmino",2,2,0,0,7,3,1,1,10,0,5,3,0,0
"Simon Mignolet",0,0,6,0,2,0,1,2,1,1,1,0,0,0
