"Adam Lallana",0,0,0,2,0,4,12,7,7,3,11,8,3,0
"Alberto Moreno",0,0,0,1,0,0,0,0,0,1,0,2,0,0
"Daniel Sturridge",1,0,0,2,0,2,2,0,0,0,2,4,0,0
"Dejan Lovren",1,1,0,0,0,12,4,7,27,2,2,17,3,1
"Divock Origi",1,0,0,0,0,0,0,0,0,0,0,0,0,0
"Emre Can",9,0,2,3,0,0,4,10,19,1,7,12,8,0
"Georginio Wijnaldum",9,0,1,1,0,5,0,2,8,3,13,13,2,0
"James Milner",4,0,2,13,0,6,3,0,0,2,1,16,10,0
"Joel Matip",11,0,1,25,0,11,9,3,0,2,15,18,2,3
"Lucas Leiva",3,0,0,1,0,1,3,1,1,0,3,5,0,0
"Nathaniel Clyne",14,0,4,3,1,10,12,1,17,2,0,1,3,0
"Philippe Coutinho",13,3,7,11,0,12,7,14,13,2,4,0,5,0
"Roberto Firmino",4,0,1,2,0,2,5,2,2,0,3,6,0,1
"Simon Mignolet",0,0,0,3,0,0,0,1,2,0,0,0,0,0
