"Aaron Lennon",0,0,0,0,0,3,0,0,0,1,1,1,4,1
"Ashley Williams",2,0,0,1,0,7,2,0,0,5,1,1,8,4
"Dominic Calvert-Lewin",0,0,0,0,0,0,0,0,0,0,1,0,0,0
"Enner Valencia",0,1,0,0,0,0,0,2,1,0,2,3,0,0
"Gareth Barry",0,0,0,0,0,0,0,1,0,1,0,0,0,1
"Idrissa Gueye",3,5,1,2,0,0,1,4,0,8,1,7,9,9
"Joel Robles",0,3,0,0,0,0,0,0,0,4,1,0,0,0
"Kevin Mirallas",0,1,0,1,0,5,0,0,3,2,4,2,0,1
"Leighton Baines",1,0,0,1,1,4,1,8,0,4,1,6,0,5
"Ramiro Funes Mori",1,2,0,0,1,3,5,2,11,0,2,1,0,3
"Romelu Lukaku",1,0,0,0,1,2,0,1,2,0,0,6,2,1
"Ross Barkley",3,1,0,1,0,5,0,1,3,4,5,0,5,7
"Seamus Coleman",2,7,0,0,0,15,3,0,0,1,4,5,0,6
"Tom Davies",1,3,0,2,1,10,1,3,2,2,1,6,4,0
