"Andre Gray",0,0,1,0,0,0,0,0,0,0,3,0,0
"Ashley Barnes",0,0,3,2,0,0,0,0,0,2,3,0,0
"Ashley Westwood",0,1,0,2,4,6,1,2,6,0,5,9,1
"George Boyd",0,0,3,0,1,6,0,0,1,1,0,4,0
"James Tarkowski",0,0,6,1,0,8,0,9,1,2,1,1,3
"Jeff Hendrick",0,2,8,4,8,0,0,6,3,1,0,10,2
"Johann Berg Gudmundsson",0,0,2,0,0,0,0,0,1,0,0,0,0
"Kevin Long",0,1,1,1,7,5,0,0,4,3,0,1,1
"Matthew Lowton",1,1,7,0,2,6,1,1,0,2,0,0,0
"Sam Vokes",0,4,0,1,1,0,0,1,0,0,2,0,0
"Scott Arfield",0,5,1,0,0,2,0,1,4,1,0,0,0
"Stephen Ward",2,2,3,4,5,5,0,0,1,2,0,0,2
"Tom Heaton",0,0,0,0,1,0,0,0,0,0,0,0,0
