"Aaron Ramsey",0,1,1,0,1,0,3,0,1,0,0,0,2,0
"Alex Oxlade-Chamberlain",1,0,0,0,0,0,1,0,0,0,0,0,0,0
"Alexis Sánchez",0,0,0,1,0,4,5,2,12,4,5,0,3,1
"Danny Welbeck",0,0,1,0,0,0,3,0,3,2,1,0,0,0
"Emiliano Martínez",0,0,0,0,0,8,2,1,2,1,0,0,2,0
"Gabriel",1,0,1,0,5,0,9,2,7,10,5,1,19,0
"Granit Xhaka",2,2,10,2,1,7,0,4,28,14,10,1,14,2
"Héctor Bellerín",0,0,1,0,2,2,10,0,4,5,0,0,13,9
"Mesut Özil",5,2,17,2,0,3,18,3,0,8,10,2,3,3
"Mohamed Elneny",0,0,7,2,2,3,20,6,12,0,6,0,5,5
"Nacho Monreal",1,0,11,0,0,9,13,0,11,8,0,0,0,0
"Olivier Giroud",0,0,1,0,0,0,0,0,2,0,1,0,0,0
"Shkodran Mustafi",2,0,0,1,6,10,16,8,4,7,1,0,0,7
"Theo Walcott",0,0,0,5,0,0,3,11,2,0,1,0,2,0
