"Abel Hernández",0,1,0,1,0,0,1,3,0,1,1,1,0,0
"Adama Diomande",3,0,0,1,0,0,1,1,0,2,0,1,0,0
"Ahmed El Mohamady",1,0,0,1,3,6,7,8,9,7,1,1,2,0
"Curtis Davies",1,0,1,0,2,1,2,4,8,1,5,8,2,0
"David Marshall",0,1,1,0,0,0,0,0,1,0,1,1,0,0
"David Meyler",0,0,6,0,0,0,0,0,2,0,0,0,2,1
"Harry Maguire",0,1,1,2,0,0,0,2,1,1,2,0,0,0
"Jake Livermore",4,2,7,5,0,2,2,0,3,7,7,5,5,2
"Michael Dawson",2,0,6,9,1,0,0,6,0,3,5,2,6,1
"Robert Snodgrass",0,1,7,1,0,0,0,6,1,0,4,1,2,0
"Ryan Mason",2,1,1,5,0,1,2,11,1,5,0,4,2,1
"Sam Clucas",0,2,0,4,3,2,0,4,4,1,5,0,4,0
"Tom Huddlestone",0,0,6,2,1,3,0,5,5,0,1,1,0,1
"Will Keane",0,0,0,0,0,1,0,3,0,0,1,0,2,0
