"Ashley Williams",0,6,0,3,1,2,0,5,4,1,1,1,0,1
"Bryan Oviedo",4,0,0,4,0,2,1,0,3,3,10,2,2,3
"Enner Valencia",0,0,0,0,1,0,0,0,0,0,0,0,0,0
"Gareth Barry",0,3,0,0,0,4,0,0,4,0,2,0,0,0
"Gerard Deulofeu",0,2,0,0,0,2,0,0,1,0,0,1,1,0
"Idrissa Gueye",4,6,0,5,1,0,0,0,4,3,3,4,2,3
"Kevin Mirallas",0,3,0,0,0,2,0,0,0,0,2,0,0,1
"Maarten Stekelenburg",3,0,0,0,0,0,0,0,1,2,0,0,0,2
"Phil Jagielka",12,0,0,0,0,1,1,6,0,1,1,7,1,0
"Romelu Lukaku",0,1,0,3,0,1,1,0,0,0,3,0,1,1
"Ross Barkley",1,6,0,1,0,6,2,0,2,3,0,2,0,4
"Seamus Coleman",0,3,1,0,1,5,0,0,11,2,3,0,5,2
"Tom Cleverley",0,3,0,0,2,0,0,0,1,2,0,2,0,1
"Yannick Bolasie",0,1,0,0,0,2,0,0,1,0,2,4,2,0
