"Ahmed Musa",0,0,1,0,1,0,1,0,0,2,0,1,0,0
"Andy King",0,0,8,3,15,0,2,0,0,0,0,1,5,2
"Ben Chilwell",2,5,0,1,9,2,3,1,4,0,3,0,1,0
"Daniel Amartey",3,6,1,0,11,0,1,0,2,1,2,4,2,2
"Daniel Drinkwater",1,15,5,13,0,0,4,2,1,0,5,3,5,2
"Demarai Gray",0,0,0,0,3,0,0,1,0,0,1,0,0,0
"Islam Slimani",0,3,1,1,2,1,0,2,0,0,3,1,0,1
"Jamie Vardy",0,1,1,0,3,0,0,0,0,0,2,0,0,1
"Kasper Schmeichel",0,0,2,0,1,1,0,0,0,0,0,0,0,0
"Leonardo Ulloa",1,0,0,0,0,0,1,0,0,0,0,0,0,1
"Marc Albrighton",0,2,1,4,4,0,1,2,0,0,0,0,0,0
"Riyad Mahrez",0,2,1,1,5,0,0,0,0,1,0,0,0,2
"Robert Huth",1,5,1,0,4,0,2,0,4,0,0,2,0,0
"Yohan Benalouane",0,1,1,4,1,0,1,0,1,0,1,2,1,0
