"Aaron Ramsey",0,0,0,1,1,2,0,0,3,0,1,1,1,2
"Alexis Sánchez",0,0,0,4,7,3,4,7,5,1,0,1,0,0
"Danny Welbeck",1,0,0,2,1,0,0,0,2,0,0,0,0,0
"Francis Coquelin",3,3,1,0,14,7,11,4,9,2,0,9,4,0
"Granit Xhaka",3,8,2,15,0,4,11,9,4,3,2,5,6,0
"Héctor Bellerín",3,4,0,5,3,0,1,9,0,2,1,18,1,0
"Laurent Koscielny",2,5,0,6,10,1,0,3,11,1,1,6,9,0
"Mesut Özil",1,7,0,5,12,5,0,0,4,0,0,2,1,0
"Nacho Monreal",0,10,1,13,6,1,8,3,0,1,0,0,1,0
"Olivier Giroud",0,1,0,3,1,2,1,2,4,0,0,0,0,0
"Petr Cech",0,1,0,1,1,0,0,0,1,0,0,0,1,0
"Rob Holding",1,0,1,5,6,13,4,2,0,1,3,0,14,0
"Shkodran Mustafi",0,2,0,5,6,3,14,3,0,1,2,9,0,0
"Theo Walcott",1,0,0,0,0,1,0,0,0,0,0,0,0,0
