"Ben Davies",0,7,5,0,2,0,1,10,1,3,7,2,1,3
"Christian Eriksen",5,0,10,2,0,0,1,3,6,6,2,5,8,5
"Dele Alli",6,4,0,4,1,1,0,1,3,3,6,3,5,2
"Erik Lamela",0,2,4,0,0,1,0,0,1,0,3,1,2,1
"Georges-Kévin Nkoudou",1,0,0,0,0,2,0,0,0,0,0,0,0,0
"Harry Winks",0,0,1,2,0,0,0,0,0,0,1,0,1,0
"Hugo Lloris",3,1,1,1,0,0,0,8,2,0,0,3,2,1
"Jan Vertonghen",7,5,3,2,0,1,10,0,3,0,1,4,4,1
"Kyle Walker",2,8,6,2,0,0,6,1,0,4,3,9,7,1
"Moussa Sissoko",1,4,1,0,0,0,2,1,5,0,1,1,2,1
"Son Heung-Min",7,6,8,1,0,1,0,2,2,1,0,0,1,5
"Toby Alderweireld",2,6,2,1,0,0,4,5,11,1,3,0,3,0
"Victor Wanyama",5,5,3,1,0,0,4,3,9,3,0,6,0,1
"Vincent Janssen",1,2,3,0,0,0,0,0,0,2,4,1,0,0
