"Adam Smith",0,7,0,1,0,1,7,6,0,9,0,0,8,0
"Andrew Surman",9,0,0,1,1,10,10,12,1,2,1,6,6,11
"Artur Boruc",0,2,0,0,0,2,0,0,0,2,0,0,2,2
"Benik Afobe",1,1,0,0,0,1,2,3,0,0,0,0,1,0
"Callum Wilson",0,1,0,0,0,2,0,0,0,0,1,0,0,0
"Charlie Daniels",1,12,0,1,1,0,13,6,1,1,1,6,0,16
"Harry Arter",3,15,0,0,1,7,0,6,1,1,0,4,8,6
"Jack Wilshere",2,9,0,2,0,4,6,0,2,4,0,0,5,4
"Joshua King",1,1,0,0,0,1,2,1,0,0,2,0,0,0
"Junior Stanislas",4,6,0,1,0,1,0,4,1,0,0,0,1,0
"Marc Pugh",0,1,0,0,0,2,1,0,1,0,0,0,1,0
"Ryan Fraser",0,2,0,0,0,7,2,5,0,0,0,0,0,3
"Steve Cook",14,9,5,0,0,0,4,0,0,3,0,0,0,12
"Tyrone Mings",1,6,4,1,0,18,7,2,1,0,2,4,12,0
