"Aaron Ramsey",0,3,2,2,1,7,3,3,11,4,0,1,4,2
"Alex Oxlade-Chamberlain",4,0,1,3,0,4,0,0,4,0,0,0,1,0
"Alexis Sánchez",4,2,0,2,1,8,5,2,2,0,1,0,1,0
"Danny Welbeck",1,1,1,0,0,2,0,2,2,3,0,0,0,0
"Francis Coquelin",0,0,0,0,0,1,1,0,0,0,0,0,1,0
"Granit Xhaka",7,3,8,1,2,0,3,8,13,6,0,0,7,3
"Héctor Bellerín",4,0,0,2,0,3,0,1,6,0,0,0,9,3
"Kieran Gibbs",3,0,12,1,1,3,0,0,4,8,0,1,0,1
"Mesut Özil",5,1,9,0,0,12,4,1,0,5,0,0,4,1
"Nacho Monreal",4,0,2,1,0,8,0,9,3,0,0,2,1,8
"Olivier Giroud",1,0,0,0,0,0,0,0,0,0,0,0,0,0
"Petr Cech",0,0,0,0,0,1,0,0,0,1,1,0,1,0
"Rob Holding",6,6,2,2,0,5,6,1,3,1,0,3,0,5
"Shkodran Mustafi",4,0,0,0,0,3,0,0,0,8,0,2,8,0
