"Adnan Januzaj",0,0,0,0,0,0,0,1,0,0,0,0,0,0
"Billy Jones",0,0,3,1,0,0,1,0,3,0,0,3,0,5
"Darron Gibson",0,1,0,7,0,4,1,3,8,1,0,6,2,5
"Didier Ndong",1,1,9,0,0,1,5,1,1,0,0,4,0,6
"Fabio Borini",0,0,0,1,0,0,0,0,0,0,0,0,0,0
"Jason Denayer",0,0,7,2,0,0,6,1,1,6,1,1,1,2
"Javier Manquillo",0,0,1,7,0,2,0,1,2,1,0,13,5,2
"Jermain Defoe",0,0,3,1,0,0,0,0,0,0,0,2,0,2
"John O'Shea",0,2,5,1,0,6,1,0,0,4,1,1,2,3
"Jordan Pickford",0,1,1,0,0,1,0,0,4,0,1,0,3,1
"Lamine Koné",0,0,0,1,0,0,0,0,1,0,0,0,1,0
"Lee Cattermole",0,1,5,1,0,7,3,1,2,1,0,0,4,2
"Victor Anichebe",0,0,2,0,1,1,7,2,0,0,0,2,0,0
"Wahbi Khazri",0,2,4,6,0,1,2,0,2,0,0,1,0,0
