"Aaron Ramsey",0,0,4,0,1,3,3,0,3,2,5,5,0,0
"Alex Iwobi",0,0,3,12,2,17,9,1,5,0,16,0,2,0
"Alexis Sánchez",5,4,0,6,0,13,1,4,1,0,12,1,1,0
"Francis Coquelin",0,22,2,0,6,24,13,3,1,0,14,0,3,0
"Gabriel",1,8,0,6,0,16,4,0,8,0,7,0,2,0
"Granit Xhaka",3,11,12,24,10,0,7,12,9,0,35,1,3,1
"Héctor Bellerín",3,12,1,13,8,8,0,0,1,0,8,0,2,0
"Kieran Gibbs",0,1,7,5,0,9,0,0,4,0,9,0,0,0
"Laurent Koscielny",1,1,3,4,13,13,2,5,0,0,3,3,1,3
"Lucas Pérez",2,0,0,0,0,1,0,0,0,0,1,1,0,0
"Mesut Özil",7,12,18,16,2,17,10,6,3,3,0,0,5,0
"Nacho Monreal",2,0,6,0,1,2,0,0,1,1,1,0,1,0
"Olivier Giroud",0,2,2,1,1,4,2,1,0,0,3,1,0,0
"Petr Cech",0,0,0,0,1,0,0,0,1,0,0,0,2,0
