"Aaron Cresswell",0,2,2,2,1,0,9,14,5,7,8,0,0,1
"André Ayew",1,0,0,0,0,1,1,1,0,0,0,0,0,0
"Andy Carroll",1,0,0,2,0,0,0,2,2,3,0,1,1,1
"Cheikhou Kouyaté",0,1,1,0,3,3,11,3,7,8,1,2,3,0
"Darren Randolph",1,0,2,0,0,0,3,0,0,0,0,0,0,0
"Edimilson Fernandes",0,1,1,1,1,0,2,0,0,2,0,2,0,0
"José Fonte",4,0,2,8,4,2,0,4,3,14,1,1,2,9
"Manuel Lanzini",9,1,1,4,0,0,2,0,12,14,3,1,4,3
"Mark Noble",5,1,1,7,1,0,6,3,0,7,3,3,6,4
"Pedro Obiang",13,1,2,7,1,1,6,15,10,0,4,1,4,3
"Robert Snodgrass",6,0,0,0,0,0,1,10,2,3,0,0,0,0
"Sam Byram",0,0,0,3,0,3,0,0,1,4,0,0,0,0
"Sofiane Feghouli",0,0,1,2,0,0,1,2,4,2,1,0,0,1
"Winston Reid",7,0,1,1,0,0,12,2,1,3,1,0,0,0
