"Ben Davies",0,5,0,6,0,0,1,0,14,0,5,7,1,0
"Christian Eriksen",4,0,1,4,2,4,7,0,8,1,6,2,10,0
"Danny Rose",0,0,0,1,0,4,1,0,2,0,3,4,2,0
"Dele Alli",3,5,1,0,1,0,3,0,5,0,1,1,4,0
"Eric Dier",1,5,0,0,0,0,12,2,2,1,1,4,3,0
"Harry Kane",1,3,1,0,0,0,0,0,0,0,0,1,0,0
"Kyle Walker",1,16,0,2,7,2,0,1,5,5,12,2,12,0
"Michel Vorm",1,1,1,0,2,0,0,0,2,0,0,3,1,0
"Mousa Dembélé",11,13,8,6,3,0,9,0,0,0,2,4,11,0
"Moussa Sissoko",0,0,0,2,0,0,1,0,2,0,0,0,0,0
"Son Heung-Min",4,3,0,3,1,0,12,0,8,0,0,0,2,0
"Toby Alderweireld",4,6,2,3,8,0,1,5,5,0,1,0,1,0
"Victor Wanyama",7,1,7,3,3,1,9,4,13,0,0,9,0,0
"Vincent Janssen",0,1,0,0,0,0,0,0,0,0,0,0,0,0
