"Adrián",0,2,0,0,0,2,0,0,0,0,3,1,3
"Arthur Masuaku",0,0,3,23,0,2,0,10,5,0,1,1,3
"Cheikhou Kouyaté",2,8,0,6,2,3,0,8,4,3,5,0,1
"Dimitri Payet",1,13,7,0,0,0,2,15,4,1,1,3,3
"Gökhan Töre",0,0,0,0,0,0,0,1,0,0,0,0,0
"James Collins",4,1,4,0,0,0,0,4,3,1,2,0,7
"Jonathan Calleri",0,1,1,0,0,0,0,0,0,0,0,0,1
"Manuel Lanzini",0,9,8,21,0,0,0,0,2,3,2,1,3
"Mark Noble",0,2,4,3,0,2,0,5,0,4,7,4,1
"Michail Antonio",0,0,5,0,1,3,0,2,4,0,3,0,0
"Sam Byram",2,1,4,1,0,6,0,1,3,8,0,2,1
"Simone Zaza",0,2,2,1,0,0,0,3,0,1,3,0,0
"Winston Reid",0,6,5,4,0,7,0,4,3,0,1,0,0
