"Ander Herrera",0,11,0,3,6,2,3,5,0,10,0,9,0,1
"Daley Blind",9,0,5,3,6,5,13,1,1,9,0,12,4,2
"David de Gea",0,1,0,0,0,0,2,1,0,0,0,0,0,1
"Jesse Lingard",5,0,0,0,6,4,3,3,0,1,0,7,0,3
"Juan Mata",10,3,0,5,0,3,1,6,0,7,0,7,0,4
"Luke Shaw",0,5,1,7,1,0,10,6,2,2,0,12,3,2
"Marcos Rojo",2,13,0,3,5,14,0,2,1,1,0,5,0,4
"Marcus Rashford",6,1,0,2,4,3,1,0,0,1,0,3,0,6
"Marouane Fellaini",0,1,0,0,0,1,0,0,0,3,0,3,3,0
"Matteo Darmian",9,16,2,3,6,3,3,1,0,0,2,6,1,3
"Memphis Depay",0,0,0,0,0,0,0,0,0,2,0,1,0,0
"Paul Pogba",5,13,0,10,5,12,9,4,1,4,2,0,2,13
"Wayne Rooney",0,3,0,0,0,2,0,0,3,3,0,2,0,2
"Zlatan Ibrahimovic",2,0,0,4,6,1,2,5,1,2,0,10,4,0
