"Ben Woodburn",0,0,0,1,0,0,0,0,0,0,0,0,0,0
"Dejan Lovren",0,0,2,12,3,21,20,19,4,0,0,2,6,3
"Divock Origi",0,0,0,2,1,1,1,2,0,0,0,0,0,1
"Emre Can",0,7,0,0,5,6,2,19,2,1,2,4,6,1
"Georginio Wijnaldum",0,2,1,2,0,3,10,13,0,0,7,0,1,6
"James Milner",1,8,2,11,3,0,2,7,1,0,0,4,15,1
"Joel Matip",0,18,1,9,5,2,0,19,3,0,6,0,2,8
"Jordan Henderson",0,33,2,18,9,10,19,0,2,0,4,0,7,6
"Loris Karius",0,2,0,1,0,1,2,2,0,0,3,0,1,1
"Lucas Leiva",0,0,0,0,0,0,0,0,0,0,0,0,0,1
"Nathaniel Clyne",0,0,2,0,7,0,10,8,1,0,0,1,5,5
"Philippe Coutinho",0,1,0,1,3,2,0,2,0,0,0,0,0,0
"Roberto Firmino",0,5,0,3,1,5,2,12,0,0,2,3,0,4
"Sadio Mané",0,1,3,3,5,1,1,3,0,0,8,0,5,0
