"Billy Jones",0,1,0,0,0,0,0,0,0,0,0,0,0,0
"Didier Ndong",0,0,1,9,4,0,2,0,5,0,0,4,4,1
"Duncan Watmore",0,1,0,1,0,0,1,0,1,0,0,2,1,1
"Jack Rodwell",0,5,1,0,0,0,3,2,1,1,0,6,4,0
"Javier Manquillo",0,6,0,0,0,1,0,0,1,0,0,0,1,4
"Jermain Defoe",0,0,0,0,1,0,1,0,0,0,0,0,0,0
"John O'Shea",1,4,0,0,1,0,0,1,3,1,0,3,1,0
"Jordan Pickford",0,0,0,0,1,0,1,0,0,0,0,0,0,0
"Lamine Koné",0,2,1,1,2,1,2,6,0,0,0,0,0,0
"Lynden Gooch",0,1,0,0,0,0,0,0,0,0,0,0,0,0
"Paddy McNair",0,0,0,0,1,0,0,0,0,0,0,0,0,0
"Patrick van Aanholt",0,2,6,4,0,0,1,1,0,1,0,0,8,2
"Steven Pienaar",0,2,3,3,1,2,2,1,0,1,0,4,0,3
"Wahbi Khazri",0,2,0,2,1,0,0,1,0,0,0,3,2,0
