"Adam Clayton",0,2,1,1,3,7,3,1,0,0,2,3,1,0
"Adam Forshaw",3,0,0,0,2,1,9,4,3,1,5,2,1,0
"Adama Traoré",0,0,0,0,0,0,0,0,0,0,0,0,0,0
"Álvaro Negredo",2,1,0,0,2,0,2,2,1,1,3,2,0,1
"Antonio Barragán",2,2,0,4,0,1,4,0,5,0,1,4,2,0
"Ben Gibson",1,1,0,1,0,0,11,3,1,1,1,4,4,1
"Calum Chambers",3,3,0,4,5,9,0,0,2,1,1,0,6,0
"Fabio",2,0,0,0,2,1,0,0,1,0,1,9,0,1
"Gastón Ramírez",1,5,0,3,5,0,1,0,0,0,2,1,0,0
"George Friend",4,1,0,1,0,1,0,1,0,0,1,1,0,0
"Marten de Roon",1,4,0,8,0,2,0,3,3,0,0,2,0,0
"Stewart Downing",2,5,0,2,4,4,1,2,1,1,4,0,1,0
"Víctor Valdés",1,0,0,2,0,4,5,0,1,0,0,1,0,0
"Viktor Fischer",0,0,0,0,0,0,0,0,0,0,2,0,0,0
