"Bojan",0,0,2,0,0,2,0,0,1,0,1,3,0,1
"Bruno Martins Indi",0,0,4,4,3,2,0,2,2,0,0,2,0,1
"Charlie Adam",3,2,0,4,1,1,1,0,2,1,1,2,0,5
"Erik Pieters",3,4,7,0,1,7,0,1,11,2,0,1,0,0
"Glen Johnson",2,1,4,1,0,4,0,1,0,0,0,3,0,4
"Joe Allen",1,1,4,6,3,0,0,1,5,0,3,2,0,2
"Jonathan Walters",0,0,2,1,0,0,0,0,1,0,0,0,0,1
"Lee Grant",0,2,0,0,0,0,1,0,0,3,0,1,2,0
"Marko Arnautovic",1,1,7,6,1,2,1,0,0,0,0,1,1,1
"Peter Crouch",0,0,1,0,0,1,1,0,1,0,0,1,0,1
"Phil Bardsley",0,0,0,0,0,2,0,0,0,0,0,2,2,3
"Ryan Shawcross",0,2,1,0,2,2,0,5,1,4,2,0,1,2
"Wilfried Bony",1,0,1,2,0,1,0,0,0,0,0,0,0,1
"Xherdan Shaqiri",0,0,2,2,3,1,0,0,3,1,5,1,1,0
