"Ben Foster",0,0,0,0,2,0,0,1,0,0,0,0,1,1
"Chris Brunt",1,0,0,1,0,0,3,6,0,0,3,2,3,1
"Craig Dawson",0,3,0,2,3,0,2,2,0,1,2,1,1,3
"Darren Fletcher",0,1,2,0,0,0,0,0,1,0,1,0,0,0
"Gareth McAuley",2,2,2,1,0,0,0,0,2,1,2,1,1,1
"Hal Robson-Kanu",0,0,0,0,0,0,0,0,0,0,0,0,0,1
"James McClean",1,0,0,1,0,0,0,0,1,0,1,3,1,2
"James Morrison",0,5,3,0,0,1,2,0,0,1,3,0,3,0
"Jonas Olsson",1,0,0,1,0,0,0,0,0,0,0,2,1,0
"Jonathan Leko",0,0,2,0,0,0,0,0,0,0,0,0,1,0
"Jonny Evans",3,4,4,0,4,0,3,1,0,0,0,2,6,0
"Nacer Chadli",0,5,2,0,0,0,2,2,1,1,3,0,2,1
"Nyom",2,1,1,1,1,0,0,2,5,0,5,5,0,1
"Salomón Rondón",0,1,3,3,0,0,0,1,0,1,2,1,0,0
