"Anthony Martial",0,0,0,0,0,0,0,1,2,2,0,2,2,0
"Antonio Valencia",1,0,0,0,1,2,0,0,1,5,0,2,3,0
"Ashley Young",0,1,0,0,0,2,2,0,0,2,0,1,1,1
"Chris Smalling",0,0,0,0,3,10,0,6,0,4,0,6,2,0
"David de Gea",0,0,0,2,0,0,1,0,0,0,0,1,0,0
"Eric Bailly",0,8,0,5,2,0,0,0,0,5,0,4,3,1
"Juan Mata",0,0,2,0,1,0,0,1,1,4,0,2,3,0
"Luke Shaw",3,1,0,3,2,0,2,0,2,6,0,9,4,1
"Marcus Rashford",0,1,1,1,0,0,1,4,0,2,0,3,2,2
"Marouane Fellaini",0,1,3,6,1,6,3,6,4,0,0,13,9,3
"Memphis Depay",0,0,0,0,0,0,0,0,0,0,0,0,0,0
"Paul Pogba",2,1,2,4,0,5,2,5,6,4,1,0,3,7
"Wayne Rooney",0,2,1,3,0,4,1,2,1,6,0,5,0,5
"Zlatan Ibrahimovic",1,1,1,2,0,1,0,1,2,0,0,5,4,0
