"Adlène Guédioura",0,0,0,1,0,0,2,0,1,0,2,0,1
"Etienne Capoue",0,0,0,4,3,3,0,1,0,1,3,2,3
"Heurelho Gomes",0,0,0,0,0,4,0,0,0,0,0,0,3
"José Holebas",1,5,0,0,0,7,0,1,6,0,1,1,1
"Juan Zuñiga",0,0,0,1,0,1,0,1,1,0,1,0,2
"Miguel Britos",1,2,9,4,1,0,0,5,1,7,3,1,2
"Nordin Amrabat",1,0,0,0,0,0,0,0,0,0,1,0,2
"Odion Ighalo",0,3,0,1,1,0,0,0,5,0,6,2,1
"Roberto Pereyra",1,4,0,8,1,2,0,2,0,3,3,3,2
"Sebastian Prödl",0,2,3,0,1,9,0,2,0,0,3,3,7
"Troy Deeney",1,5,0,0,0,1,1,8,5,0,0,0,1
"Valon Behrami",0,2,0,3,1,2,0,2,5,1,4,0,0
"Younes Kaboul",2,1,3,0,2,1,1,2,3,9,4,3,0
