"Cuco Martina",0,7,2,5,2,8,10,2,4,0,0,1,2,2
"Dusan Tadic",1,0,0,1,1,2,2,0,1,1,0,1,0,0
"Fraser Forster",1,0,0,0,0,0,4,0,0,1,0,1,0,1
"James Ward-Prowse",5,0,2,0,1,4,4,2,8,3,1,3,2,4
"Jay Rodriguez",2,0,0,3,0,1,0,0,0,1,0,0,1,0
"Jordy Clasie",8,2,0,6,3,0,3,2,7,1,0,4,1,6
"José Fonte",9,2,5,6,0,8,0,0,6,3,0,0,2,6
"Nathan Redmond",3,0,0,0,1,1,1,0,2,4,0,2,0,1
"Oriol Romeu",8,0,0,4,1,11,9,0,0,1,0,4,1,7
"Sam McQueen",0,1,1,8,2,2,3,5,4,0,0,5,2,6
"Shane Long",0,0,0,0,0,0,0,0,0,0,0,0,1,0
"Sofiane Boufal",1,0,0,4,0,3,1,2,2,4,0,0,0,2
"Steven Davis",2,0,0,0,0,0,3,1,1,1,0,0,0,2
"Virgil van Dijk",1,0,3,4,0,3,11,1,10,8,0,0,0,0
