"Adam Clayton",0,6,3,4,8,9,8,2,5,4,0,0,1
"Adam Forshaw",10,0,4,2,2,2,2,1,2,10,0,0,0
"Adama Traoré",0,3,0,2,2,0,1,0,3,3,1,0,0
"Álvaro Negredo",2,4,0,0,0,0,1,0,3,4,1,0,0
"Antonio Barragán",10,2,4,3,0,2,17,2,0,5,1,0,2
"Ben Gibson",5,6,2,1,1,0,11,4,2,5,0,0,5
"Bernardo Espinosa",4,6,3,1,15,9,0,1,4,2,0,0,5
"Cristhian Stuani",5,1,0,0,0,0,3,0,0,2,0,0,0
"Fabio",1,4,2,2,0,12,1,4,0,5,0,1,1
"Marten de Roon",7,4,3,3,5,4,3,1,8,0,0,1,0
"Patrick Bamford",0,1,0,0,0,0,1,0,0,1,0,0,0
"Rudy Gestede",0,1,1,0,0,0,0,0,0,0,0,0,0
"Víctor Valdés",1,1,0,3,0,6,1,2,0,0,1,0,0
