"Abdoulaye Doucouré",0,8,4,8,3,0,5,0,2,9,3,1,9,2
"Craig Cathcart",4,0,1,5,2,0,0,0,0,3,1,1,1,1
"Daryl Janmaat",2,4,0,1,0,0,0,1,1,0,1,1,0,0
"Etienne Capoue",10,5,1,0,0,0,2,1,4,2,2,3,6,0
"Heurelho Gomes",0,0,0,0,0,2,0,0,0,7,0,1,0,1
"Isaac Success",1,0,0,1,0,0,1,0,0,0,0,0,1,0
"José Holebas",13,1,0,2,0,1,0,0,4,4,1,1,3,0
"Juan Zuñiga",0,0,0,0,0,0,1,0,0,0,0,0,0,0
"M'Baye Niang",5,0,4,4,0,0,2,0,0,4,1,1,6,0
"Miguel Britos",6,0,0,2,3,0,4,0,2,0,2,4,5,2
"Nordin Amrabat",2,1,1,3,0,0,2,0,0,1,0,2,1,2
"Stefano Okaka",1,2,0,3,0,0,0,0,1,2,1,0,2,1
"Tom Cleverley",5,0,1,1,0,2,7,0,11,1,2,1,0,0
"Younes Kaboul",2,1,0,0,3,0,0,0,0,0,2,1,0,0
