"Adam Forshaw",0,1,3,7,6,9,1,1,6,5,0,10,8,0
"Adama Traoré",0,0,0,0,0,0,0,0,1,0,0,0,0,0
"Álvaro Negredo",3,0,0,0,2,0,2,0,5,3,1,0,2,0
"Antonio Barragán",3,0,0,0,1,9,6,0,2,0,0,8,0,0
"Ben Gibson",9,0,4,2,0,5,0,2,3,6,0,3,7,4
"Calum Chambers",9,1,2,7,13,0,2,1,3,0,0,3,5,4
"Cristhian Stuani",1,0,0,4,0,1,0,0,3,0,0,2,0,0
"Daniel Ayala",1,0,0,0,1,3,0,0,0,0,0,1,1,1
"Gastón Ramírez",3,0,3,2,0,3,2,1,0,1,0,3,3,0
"George Friend",4,0,2,0,7,0,0,0,0,0,0,4,14,1
"Jordan Rhodes",0,1,0,0,0,0,0,0,0,0,0,0,0,0
"Marten de Roon",13,0,5,6,5,8,1,0,3,0,0,0,3,0
"Stewart Downing",9,1,3,0,2,6,1,0,2,6,0,5,0,1
"Víctor Valdés",0,0,2,1,2,2,0,2,1,0,0,0,0,0
