"Ben Foster",0,1,0,0,0,1,3,1,0,0,2,0,0,1
"Chris Brunt",7,0,2,2,3,0,0,1,1,3,4,3,4,0
"Claudio Yacob",0,0,0,4,1,2,0,4,0,0,4,0,0,0
"Craig Dawson",1,1,2,0,0,2,1,6,0,0,1,2,0,1
"Darren Fletcher",0,2,2,1,0,1,1,3,1,0,0,2,5,0
"Gareth McAuley",0,4,0,0,0,0,0,3,0,0,2,3,1,0
"Hal Robson-Kanu",0,0,0,0,3,0,0,0,0,0,0,0,1,0
"Jake Livermore",1,2,2,5,1,2,1,0,3,2,1,1,0,0
"James McClean",0,2,0,2,0,0,0,3,0,0,0,0,0,0
"James Morrison",0,2,0,0,0,0,0,1,0,0,1,2,0,1
"Jonny Evans",3,8,3,1,1,3,0,3,1,2,0,0,3,0
"Matt Phillips",0,2,0,2,1,0,2,1,1,1,1,0,0,1
"Nacer Chadli",0,5,1,0,2,0,0,0,0,0,1,0,0,0
"Salomón Rondón",0,0,0,0,0,0,0,0,0,1,0,0,0,0
