"Allan Nyom",0,0,3,1,2,0,4,1,0,0,0,0,0
"Ben Foster",0,0,2,1,0,1,0,0,1,1,0,1,1
"Chris Brunt",3,0,0,7,0,0,2,0,0,0,1,4,1
"Craig Dawson",1,1,7,0,0,0,5,1,0,0,0,4,0
"Darren Fletcher",0,0,1,0,0,0,1,1,1,1,5,2,1
"Gareth McAuley",0,1,1,1,0,0,1,1,0,0,1,1,0
"Jake Livermore",4,0,2,2,1,0,0,1,0,0,1,2,3
"James McClean",2,0,1,0,0,0,2,0,2,0,6,2,1
"James Morrison",0,0,0,0,2,1,2,3,0,0,0,1,0
"Jonny Evans",0,3,0,0,2,1,0,0,0,0,2,1,0
"Marc Wilson",1,1,1,1,3,1,1,4,1,5,0,2,2
"Salomón Rondón",0,0,1,1,3,1,1,7,2,0,1,0,0
"Sam Field",0,0,0,1,1,0,2,0,0,0,4,0,0
