"Ashley Williams",0,0,1,7,8,4,3,9,5,0,0,3,1,2
"Dominic Calvert-Lewin",0,0,0,0,0,0,0,0,0,0,0,1,0,2
"Enner Valencia",0,0,0,3,6,0,0,1,0,0,2,3,2,0
"Gareth Barry",2,0,2,0,6,0,7,4,0,0,3,7,3,0
"Idrissa Gueye",6,1,4,3,0,0,6,11,4,2,5,8,9,3
"Joel Robles",3,0,0,0,2,0,0,0,1,0,1,1,0,0
"Kevin Mirallas",2,0,3,5,2,0,0,3,1,0,1,3,5,0
"Leighton Baines",8,1,2,4,8,2,7,0,0,0,4,6,0,1
"Phil Jagielka",9,0,1,4,1,4,0,1,0,1,1,0,6,2
"Ramiro Funes Mori",0,0,0,0,2,0,0,1,0,0,0,1,0,0
"Romelu Lukaku",0,0,1,6,1,0,0,1,0,0,0,5,3,0
"Ross Barkley",2,2,2,2,10,0,2,7,1,0,5,0,4,1
"Seamus Coleman",2,0,6,3,8,2,1,0,8,0,4,2,0,7
"Tom Davies",4,0,0,0,6,0,0,0,2,0,0,4,2,0
