"Ahmed Musa",0,2,2,2,0,1,0,1,0,0,1,0,0,0
"Christian Fuchs",3,0,3,7,0,0,1,2,0,4,2,2,2,1
"Daniel Amartey",1,4,0,7,1,3,0,1,1,3,1,2,0,3
"Daniel Drinkwater",2,11,1,0,2,2,0,2,1,3,1,3,1,4
"Danny Simpson",0,0,3,1,0,0,0,0,0,1,4,0,1,0
"Jamie Vardy",1,0,0,0,0,0,0,0,0,3,3,0,1,0
"Kasper Schmeichel",0,1,0,0,0,2,0,2,0,1,3,0,1,0
"Leonardo Ulloa",2,2,1,3,0,2,0,0,0,0,3,0,0,0
"Luis Hernández",0,0,2,2,0,0,1,3,0,0,2,3,1,1
"Marc Albrighton",1,5,1,0,1,1,0,0,0,0,1,0,0,0
"Riyad Mahrez",3,1,3,2,4,0,0,1,2,0,0,0,3,0
"Robert Huth",0,3,3,2,0,1,2,0,0,0,0,0,0,1
"Shinji Okazaki",0,0,1,2,1,0,0,0,0,0,0,2,0,0
"Wes Morgan",1,2,2,1,2,1,2,1,3,0,1,0,0,0
