"Aaron Ramsey",0,0,2,0,1,1,4,0,2,2,0,0,0
"Alexis Sánchez",1,0,1,2,2,6,4,2,2,9,1,0,1
"Danny Welbeck",2,0,0,0,0,0,0,0,0,2,0,0,0
"Francis Coquelin",0,4,0,0,1,12,10,3,3,11,1,0,2
"Gabriel",0,1,0,6,0,11,16,1,14,5,5,2,4
"Granit Xhaka",2,5,0,9,10,0,7,11,7,20,13,0,3
"Héctor Bellerín",4,5,2,10,13,5,0,0,3,2,2,1,6
"Kieran Gibbs",0,4,0,3,2,13,0,0,5,9,6,1,2
"Laurent Koscielny",1,1,0,4,20,9,1,2,0,1,21,1,1
"Mesut Özil",2,12,0,6,8,17,10,8,0,0,8,0,1
"Nacho Monreal",2,6,2,5,2,11,1,16,11,11,0,1,1
"Petr Cech",0,0,0,0,2,0,0,1,1,0,1,0,0
"Theo Walcott",0,1,0,1,3,2,4,1,0,4,0,0,0
