"Adam Smith",0,0,1,0,6,0,3,14,1,0,0,9,12,1
"Artur Boruc",0,0,0,0,0,0,0,0,0,0,0,0,0,1
"Benik Afobe",1,0,0,2,3,1,0,1,0,1,0,1,0,1
"Charlie Daniels",0,0,1,0,12,6,1,4,0,16,0,0,0,2
"Harry Arter",9,0,4,14,0,4,6,8,0,8,0,6,5,4
"Joshua King",3,0,0,1,8,0,0,3,0,3,0,5,0,1
"Junior Stanislas",3,0,0,0,4,1,0,3,0,1,0,3,1,0
"Lewis Cook",12,0,1,4,9,3,0,0,0,1,0,6,5,5
"Lys Mousset",0,0,0,0,0,0,0,0,0,0,0,1,0,0
"Marc Pugh",0,0,1,4,10,7,0,2,0,0,0,0,1,2
"Max Gradel",0,0,0,0,0,0,1,0,0,0,0,0,0,0
"Ryan Fraser",4,0,3,2,2,2,3,4,0,4,0,0,1,0
"Simon Francis",8,6,1,1,5,0,0,5,0,0,0,3,0,2
"Steve Cook",2,0,0,6,4,0,1,6,0,1,1,0,3,0
