"Adrián",0,0,0,0,0,1,0,1,0,0,0,0,0
"Arthur Masuaku",0,0,0,4,1,6,3,1,2,9,2,1,5
"Ashley Fletcher",0,0,0,0,0,0,0,0,0,0,0,1,0
"Cheikhou Kouyaté",0,10,1,0,1,4,3,1,0,4,2,5,1
"Enner Valencia",0,0,0,1,0,1,0,0,0,1,1,0,0
"Gökhan Töre",0,3,0,4,0,0,1,1,1,5,0,1,1
"Håvard Nordtveit",0,1,0,2,0,2,0,3,0,5,1,3,1
"James Collins",3,0,0,0,0,0,1,0,0,1,1,3,4
"Jonathan Calleri",0,2,0,0,0,0,0,0,0,0,1,1,0
"Mark Noble",0,3,0,8,1,1,3,3,2,0,3,14,6
"Michail Antonio",0,6,0,3,0,1,2,1,0,3,0,3,1
"Sam Byram",0,1,1,0,2,5,4,5,0,13,4,0,0
"Winston Reid",1,5,0,3,0,0,1,2,0,4,3,1,0
