"Charlie Austin",0,1,1,0,0,0,1,0,1,0,1,0,2,0
"Cuco Martina",1,0,1,0,0,4,4,3,3,3,0,0,0,0
"Dusan Tadic",0,1,0,0,0,1,0,0,0,0,2,0,3,0
"Fraser Forster",2,0,0,0,0,0,1,0,0,0,1,0,0,1
"James Ward-Prowse",0,0,0,0,0,0,0,0,0,1,0,1,1,0
"Jordy Clasie",1,0,0,0,0,0,4,3,2,0,1,0,2,2
"José Fonte",1,2,0,5,0,5,0,1,2,2,1,0,0,1
"Nathan Redmond",0,3,3,0,0,3,2,0,2,2,1,0,2,1
"Oriol Romeu",2,1,2,0,2,2,4,0,0,4,3,1,4,1
"Pierre-Emile Højbjerg",0,1,0,0,1,0,1,0,7,0,2,2,0,0
"Sam McQueen",5,0,2,0,0,0,0,0,4,2,0,0,11,3
"Sofiane Boufal",0,1,0,0,0,0,0,4,0,0,1,0,1,0
"Steven Davis",1,2,1,0,0,1,0,1,2,1,6,5,0,1
"Virgil van Dijk",0,2,1,3,0,1,1,0,1,0,3,0,2,0
