"Cédric Soares",0,1,1,3,4,0,0,1,0,2,2,2,0,6
"Dusan Tadic",2,0,0,2,5,1,4,1,3,2,4,2,1,6
"Fraser Forster",1,0,0,6,0,0,0,0,0,1,0,1,0,0
"Jack Stephens",7,5,0,0,2,0,2,0,0,5,0,6,1,9
"James Ward-Prowse",2,3,0,5,0,0,1,1,3,5,9,2,0,3
"Jay Rodriguez",0,0,0,0,0,0,0,0,1,0,3,0,0,0
"Jérémy Pied",0,2,1,2,2,0,0,0,0,1,0,2,1,2
"Manolo Gabbiadini",0,1,0,0,0,0,0,0,0,0,2,0,0,1
"Matt Targett",1,3,2,1,4,2,0,1,0,2,9,3,1,3
"Maya Yoshida",2,1,2,8,4,0,0,1,6,0,7,11,0,1
"Nathan Redmond",0,2,0,2,4,0,0,0,8,5,0,7,0,2
"Oriol Romeu",2,5,1,7,3,1,0,1,3,5,3,0,3,12
"Sofiane Boufal",0,2,0,0,0,1,1,0,0,0,0,2,0,2
"Steven Davis",8,7,0,5,6,1,3,1,1,4,1,7,2,0
