"Angel Rangel",0,0,0,0,0,1,0,2,0,0,0,0,0
"Federico Fernández",0,0,1,0,6,1,4,4,3,5,0,0,1
"Fernando Llorente",0,0,0,3,4,0,3,4,2,0,0,0,1
"Gylfi Sigurdsson",0,0,1,0,1,1,2,3,1,0,0,3,2
"Jack Cork",0,10,3,1,0,8,8,4,9,3,0,3,7
"Jordi Amat",0,5,0,2,5,0,3,1,3,2,0,0,6
"Ki Sung-yueng",0,4,0,3,3,1,0,4,8,0,0,1,4
"Kyle Naughton",0,1,5,3,9,1,6,0,5,0,1,0,2
"Leroy Fer",0,1,2,2,9,1,0,4,0,2,1,4,3
"Lukasz Fabianski",0,1,2,0,1,2,0,1,1,0,0,0,0
"Modou Barrow",0,0,0,0,0,0,1,1,1,0,0,0,0
"Neil Taylor",0,0,2,1,0,0,1,0,2,0,0,0,6
"Stephen Kingsley",0,0,4,1,12,7,0,1,0,1,0,2,0
