"Allan Nyom",0,1,0,1,0,4,7,1,0,4,1,2,7,2
"Ben Foster",1,0,0,0,0,0,5,0,0,0,1,2,1,1
"Chris Brunt",0,7,0,1,0,3,0,0,0,4,2,2,1,0
"Claudio Yacob",2,1,1,0,0,4,1,0,1,2,4,2,3,1
"Craig Gardner",0,0,1,0,0,1,0,1,0,0,0,0,0,1
"Darren Fletcher",2,0,3,0,1,0,2,0,0,7,3,5,3,2
"Gareth McAuley",1,7,1,0,0,3,0,0,0,2,4,1,2,2
"Hal Robson-Kanu",0,0,0,0,0,1,0,0,1,0,0,0,0,0
"James McClean",0,0,0,1,1,0,0,0,0,1,0,0,0,0
"James Morrison",1,1,7,4,0,4,1,0,0,0,1,4,4,4
"Jonas Olsson",1,0,4,1,0,0,7,0,1,1,0,0,2,0
"Matt Phillips",2,0,3,2,0,4,0,0,0,1,0,0,2,2
"Nacer Chadli",3,0,1,2,0,3,1,0,0,6,2,1,0,1
"Salomón Rondón",0,0,1,2,0,1,0,0,0,0,0,2,1,0
