"André Ayew",0,2,0,0,0,0,0,0,2,7,4,0,0,3
"Andy Carroll",2,0,1,1,0,0,0,0,0,2,6,0,0,0
"Arthur Masuaku",0,0,0,5,2,1,0,4,2,7,1,1,4,1
"Cheikhou Kouyaté",2,1,4,0,0,0,0,3,4,4,3,1,0,2
"Darren Randolph",0,2,1,0,0,2,0,0,1,0,0,0,1,0
"Diafra Sakho",0,0,0,0,0,0,0,0,1,0,1,0,1,0
"Edimilson Fernandes",1,0,2,1,0,1,0,0,0,0,0,0,0,0
"James Collins",1,1,3,1,1,0,2,0,4,6,4,0,0,0
"José Fonte",0,0,0,2,5,0,2,9,0,0,0,0,0,2
"Manuel Lanzini",3,2,10,6,0,0,1,3,0,0,5,3,6,4
"Mark Noble",5,4,3,2,0,0,0,1,5,4,0,1,0,4
"Michail Antonio",0,0,2,1,0,0,0,0,0,2,3,0,0,0
"Robert Snodgrass",0,0,1,0,0,0,0,0,2,4,0,0,0,0
"Sam Byram",2,1,0,1,0,0,0,0,3,3,5,1,0,0
