"Ben Davies",0,1,0,0,0,1,3,0,0,1,0,0,5,1
"Christian Eriksen",1,0,2,2,2,0,7,0,0,14,3,1,1,3
"Danny Rose",0,2,0,5,1,4,2,2,5,0,9,0,0,2
"Dele Alli",0,5,4,0,0,0,6,0,3,0,1,0,0,3
"Eric Dier",0,5,2,1,0,0,7,3,2,2,2,0,0,2
"Harry Kane",0,3,2,1,0,0,2,0,0,3,1,0,0,1
"Harry Winks",3,3,1,5,3,3,0,0,3,6,3,0,5,6
"Hugo Lloris",0,0,0,0,3,0,0,0,2,5,0,0,0,4
"Jan Vertonghen",0,1,4,2,5,0,1,7,0,0,8,1,0,4
"Kyle Walker",0,9,2,0,4,4,7,2,2,0,3,4,3,1
"Mousa Dembélé",0,4,11,6,0,3,3,0,3,3,0,0,0,1
"Moussa Sissoko",0,2,0,0,1,0,1,0,0,1,0,0,1,0
"Son Heung-Min",4,2,0,0,0,0,3,0,0,1,0,2,0,0
"Victor Wanyama",1,4,1,0,3,1,2,1,6,5,4,0,0,0
