"César Azpilicueta",0,10,5,0,5,2,2,0,11,4,4,0,1,1
"Cesc Fàbregas",6,0,1,4,15,4,2,0,7,3,14,0,0,2
"David Luiz",1,3,0,2,3,8,4,0,6,8,6,0,3,0
"Diego Costa",0,3,3,0,3,0,2,0,5,1,2,0,0,1
"Eden Hazard",4,14,0,2,0,3,2,0,9,2,8,0,0,4
"Gary Cahill",2,4,6,0,2,0,8,1,7,6,0,0,1,2
"Marcos Alonso",0,2,4,3,8,9,0,0,3,4,0,0,0,0
"Michy Batshuayi",0,1,0,0,0,0,0,0,0,0,0,1,0,2
"N'Golo Kanté",11,15,3,1,10,2,3,0,0,8,10,0,1,3
"Nemanja Matic",3,7,0,4,5,6,9,0,4,0,5,0,1,0
"Pedro",4,8,5,3,12,1,1,0,11,6,0,0,1,3
"Ruben Loftus-Cheek",0,0,0,0,0,0,0,0,1,0,0,0,0,0
"Thibaut Courtois",2,0,2,1,0,2,1,0,1,0,0,0,0,0
"Willian",3,1,2,2,1,1,0,1,3,0,4,0,0,0
