"Arouna Koné",0,0,0,1,0,0,0,0,0,0,0,0,0,0
"Ashley Williams",0,0,12,0,10,4,16,4,10,1,1,4,2,1
"Gareth Barry",0,8,0,2,13,5,6,0,3,2,0,2,4,2
"Gerard Deulofeu",0,0,2,0,5,2,0,1,2,0,0,1,0,1
"Idrissa Gueye",0,15,9,6,0,8,9,0,9,4,8,11,2,7
"Kevin Mirallas",0,1,0,1,11,0,10,0,1,1,2,3,1,0
"Leighton Baines",0,14,13,0,11,11,0,0,0,1,6,0,6,1
"Maarten Stekelenburg",0,5,0,0,1,0,2,0,2,0,0,0,0,0
"Phil Jagielka",0,16,2,1,5,0,2,3,0,1,0,12,0,0
"Romelu Lukaku",0,1,1,2,2,2,0,0,0,0,1,1,0,1
"Ross Barkley",0,3,2,0,5,2,4,0,1,0,0,1,0,1
"Seamus Coleman",0,0,2,3,18,0,1,0,10,3,1,0,0,3
"Tom Davies",0,2,3,0,5,2,2,0,0,0,0,0,0,0
"Yannick Bolasie",0,1,0,0,6,2,2,0,0,1,1,1,0,0
