"Adam Smith",0,7,0,2,0,0,3,9,6,0,5,0,7,1
"Andrew Surman",10,0,1,0,9,0,2,10,1,2,2,3,10,5
"Artur Boruc",0,4,0,0,1,0,0,0,0,0,0,0,3,1
"Benik Afobe",0,1,0,0,0,0,0,1,0,0,0,1,0,0
"Brad Smith",0,6,2,0,0,0,0,0,0,1,0,6,0,4
"Callum Wilson",0,0,0,0,0,0,0,0,0,1,0,0,0,0
"Harry Arter",3,2,1,0,0,2,0,6,3,1,0,3,5,2
"Jack Wilshere",3,22,0,2,2,0,10,0,2,3,2,3,6,5
"Jordon Ibe",3,1,0,0,0,0,3,1,0,1,0,2,3,0
"Joshua King",0,3,0,0,1,0,0,10,0,0,1,0,1,3
"Junior Stanislas",3,1,0,0,0,0,0,5,0,2,0,0,1,0
"Ryan Fraser",0,4,0,0,2,1,1,2,0,4,0,0,1,3
"Simon Francis",11,3,5,0,0,0,7,11,2,1,1,0,0,6
"Steve Cook",1,3,0,0,3,0,3,7,1,1,0,1,8,0
