"Aleksandar Kolarov",0,3,7,0,4,0,9,0,0,2,6,2,2,3
"Bacary Sagna",1,0,3,6,15,1,2,0,0,4,11,0,5,5
"Claudio Bravo",1,2,0,0,3,0,1,3,0,0,3,1,0,2
"David Silva",2,5,0,0,7,0,7,0,2,9,1,4,1,16
"Fernandinho",5,12,0,10,0,0,5,0,1,5,7,1,8,12
"Fernando",0,0,0,0,0,0,1,0,0,1,0,0,1,1
"Gaël Clichy",6,2,0,11,3,1,0,2,0,10,2,9,3,16
"John Stones",0,0,5,0,2,0,3,0,0,1,3,0,0,2
"Kelechi Iheanacho",0,0,0,1,0,0,0,0,0,0,0,0,2,2
"Kevin De Bruyne",1,3,0,9,7,0,11,0,0,0,1,1,2,14
"Nicolás Otamendi",5,10,2,2,5,1,4,5,0,3,0,1,0,8
"Nolito",0,2,0,3,1,0,6,1,0,3,0,0,3,7
"Raheem Sterling",0,3,0,9,2,0,2,0,1,2,0,1,0,7
"Yaya Touré",5,5,1,11,16,1,15,2,1,17,6,6,1,0
