"Adnan Januzaj",0,1,0,0,4,0,1,1,0,2,1,0,0,0
"Billy Jones",5,0,5,3,5,0,2,0,4,0,3,2,0,2
"Didier Ndong",0,5,0,1,4,0,1,0,2,3,3,1,0,0
"Donald Love",1,3,2,0,1,0,0,0,0,0,1,0,0,0
"Fabio Borini",1,5,2,0,0,1,2,0,1,7,0,1,0,0
"Jermain Defoe",1,2,0,0,0,0,2,0,0,1,2,1,0,0
"John O'Shea",1,3,1,0,1,0,0,0,2,1,0,0,0,3
"Lamine Koné",1,0,0,0,0,0,0,0,1,0,1,0,0,0
"Papy Djilobodji",0,4,3,0,0,0,3,0,0,11,7,2,1,3
"Patrick van Aanholt",1,0,2,0,4,2,0,0,8,0,15,10,6,4
"Sebastian Larsson",4,5,5,2,1,2,2,0,5,5,0,7,1,1
"Steven Pienaar",0,1,2,1,1,2,0,0,1,10,4,0,0,0
"Victor Anichebe",0,0,0,0,3,0,0,0,0,3,0,0,0,0
"Vito Mannone",0,0,0,0,0,0,3,0,2,0,0,0,3,0
