"Aaron Ramsey",0,2,3,1,1,0,4,4,8,6,1,2,3,1
"Alex Oxlade-Chamberlain",1,0,0,0,0,1,0,1,0,0,0,1,1,0
"Alexis Sánchez",6,0,0,1,1,1,1,6,5,1,0,1,3,2
"Carl Jenkinson",1,0,0,0,0,0,1,4,3,0,1,3,9,2
"Francis Coquelin",5,0,1,1,0,0,3,3,5,2,0,0,3,3
"Granit Xhaka",2,0,4,0,0,0,3,0,0,1,0,0,2,0
"Laurent Koscielny",7,0,6,1,2,4,0,2,5,7,1,1,14,0
"Mesut Özil",8,0,4,3,4,4,0,0,10,7,0,0,1,5
"Mohamed Elneny",2,0,6,6,4,0,4,11,0,6,0,1,5,5
"Nacho Monreal",5,0,9,0,2,1,3,7,5,0,1,1,0,0
"Olivier Giroud",0,0,0,0,0,0,0,0,0,2,0,0,1,0
"Petr Cech",0,0,2,0,0,0,3,0,0,0,0,0,5,1
"Shkodran Mustafi",0,1,3,10,4,0,14,7,5,0,2,4,0,10
"Theo Walcott",0,1,5,3,4,0,0,4,2,0,0,0,4,0
