"Adam Smith",0,0,3,0,9,11,2,7,13,0,2,6,10,1
"Artur Boruc",0,0,2,1,0,0,0,0,0,0,0,0,3,3
"Benik Afobe",3,0,0,0,1,2,1,0,2,0,2,1,2,0
"Charlie Daniels",1,1,0,0,9,20,5,0,1,0,20,0,2,10
"Dan Gosling",6,0,0,8,0,8,1,0,0,0,2,3,4,1
"Harry Arter",7,1,4,25,9,0,3,0,17,0,9,6,3,3
"Joshua King",2,0,1,4,0,6,0,0,2,0,2,1,0,1
"Junior Stanislas",3,0,2,0,0,2,1,0,2,1,1,0,1,0
"Lewis Cook",13,1,4,3,0,8,3,3,0,0,4,3,3,2
"Lys Mousset",0,0,0,0,0,1,0,0,0,0,0,0,0,0
"Marc Pugh",2,0,2,9,7,12,3,0,3,0,0,0,2,3
"Ryan Fraser",5,0,0,1,1,4,1,0,3,0,0,0,2,0
"Simon Francis",12,6,1,2,2,3,1,0,6,0,4,2,0,7
"Steve Cook",2,0,0,11,0,11,2,0,1,0,0,0,10,0
