"Andre Gray",0,1,0,0,0,0,1,2,0,2,3,3,1,0
"Ashley Barnes",2,0,0,0,0,0,1,3,0,0,0,2,1,0
"Ben Mee",2,0,0,0,0,0,2,5,0,1,4,0,1,2
"Daniel Agyei",0,0,0,0,0,0,0,0,0,0,0,0,0,0
"George Boyd",0,1,0,0,0,0,1,1,0,0,0,0,0,0
"James Tarkowski",1,0,0,1,0,0,3,0,0,0,4,2,7,2
"Jeff Hendrick",1,0,3,0,1,4,0,5,1,3,3,3,4,0
"Joey Barton",2,1,5,0,1,5,3,0,4,3,5,5,4,0
"Johann Berg Gudmundsson",1,0,0,0,0,0,3,1,0,2,0,0,0,0
"Matthew Lowton",1,3,0,1,0,1,1,9,3,0,4,1,1,3
"Michael Keane",0,2,3,0,0,2,2,2,1,5,0,1,1,3
"Robbie Brady",2,2,0,0,0,1,4,4,0,1,2,0,4,0
"Stephen Ward",3,0,2,0,0,7,6,2,0,0,0,4,0,4
"Tom Heaton",1,3,1,0,0,1,0,1,0,0,1,1,0,0
