"Aleix García",0,4,1,1,3,3,0,6,0,0,1,0,0,0
"Aleksandar Kolarov",1,0,4,7,6,13,6,3,2,1,1,19,3,7
"Bacary Sagna",1,3,0,6,5,0,3,6,2,4,1,18,0,5
"Claudio Bravo",2,13,0,0,5,0,0,1,1,2,0,1,0,0
"Fernandinho",2,10,4,1,0,6,2,1,2,4,1,7,5,2
"Gaël Clichy",5,13,0,2,3,0,1,1,1,8,0,2,11,1
"Ilkay Gündogan",0,4,1,0,3,2,0,0,2,1,0,0,8,3
"John Stones",4,1,5,7,2,1,0,0,0,0,0,0,0,0
"Kelechi Iheanacho",0,1,2,1,3,5,1,0,0,2,0,1,3,0
"Kevin De Bruyne",0,2,4,0,4,8,1,0,5,0,0,1,3,4
"Leroy Sané",2,0,2,0,1,0,0,0,1,0,0,0,0,1
"Nicolás Otamendi",0,19,11,5,7,2,1,0,0,4,0,0,1,3
"Nolito",1,6,2,0,2,8,4,1,3,5,0,2,0,1
"Raheem Sterling",0,1,13,0,5,0,1,0,2,5,1,0,2,0
