"Christian Kabasele",0,0,2,1,1,2,4,0,0,6,0,0,1,0
"Daryl Janmaat",2,0,8,3,0,2,1,2,6,1,1,2,3,1
"Etienne Capoue",2,7,0,0,1,1,1,2,2,3,0,1,1,0
"Heurelho Gomes",1,0,0,0,0,1,0,0,0,0,0,2,0,0
"José Holebas",1,0,1,0,0,6,0,0,0,1,0,0,1,0
"Miguel Britos",0,3,0,2,1,0,2,0,1,5,0,4,2,0
"Nordin Amrabat",2,2,0,0,1,0,0,0,1,0,0,1,4,0
"Odion Ighalo",0,0,1,0,0,0,1,0,1,1,0,0,0,0
"Roberto Pereyra",4,5,7,0,1,3,2,0,0,0,1,4,4,0
"Sebastian Prödl",2,0,2,3,0,4,1,0,4,0,0,2,2,0
"Stefano Okaka",1,0,0,0,0,0,0,1,2,0,0,0,0,0
"Troy Deeney",0,0,0,0,2,0,1,1,3,0,0,0,1,0
"Valon Behrami",2,3,3,0,3,1,2,0,6,4,0,2,0,1
"Younes Kaboul",0,1,0,0,0,2,0,0,0,0,0,0,0,0
