"Aleksandar Kolarov",0,3,2,1,15,2,0,2,8,1,1,1,8
"Claudio Bravo",2,0,0,1,0,0,0,0,1,0,0,0,1
"David Silva",1,0,0,2,6,3,1,9,1,6,2,2,10
"Fernando",3,0,1,0,2,0,0,2,4,1,0,1,3
"Gaël Clichy",13,1,5,1,0,4,0,4,1,7,1,4,9
"Ilkay Gündogan",0,0,5,0,1,0,0,2,3,1,4,3,3
"Jesús Navas",0,0,0,0,0,0,0,0,0,0,0,0,1
"Kevin De Bruyne",1,0,6,1,5,1,0,0,0,3,3,3,1
"Nicolás Otamendi",12,1,1,2,0,1,0,7,0,0,8,6,7
"Nolito",2,0,5,1,2,0,0,3,0,0,0,1,1
"Pablo Zabaleta",1,0,2,2,1,2,0,2,10,0,0,6,1
"Raheem Sterling",0,0,2,1,3,2,0,1,3,2,0,0,2
"Yaya Touré",5,0,14,2,5,2,0,3,11,3,8,2,0
