"Adlène Guédioura",0,1,5,0,0,3,3,0,3,1,3,2,1,3
"Daryl Janmaat",0,0,0,0,0,0,0,0,0,0,0,0,0,0
"Etienne Capoue",4,0,0,1,0,3,1,7,5,0,7,2,0,7
"Heurelho Gomes",0,0,0,0,0,2,1,2,0,0,1,1,0,2
"Jerome Sinclair",2,0,0,0,0,0,0,0,0,0,0,0,0,0
"José Holebas",6,0,4,0,0,0,3,2,1,3,0,4,0,0
"Juan Zuñiga",5,0,3,0,0,3,0,0,1,1,0,0,0,0
"Miguel Britos",5,0,4,1,1,1,1,0,2,2,4,2,1,1
"Nordin Amrabat",1,0,6,0,1,3,2,0,0,0,0,0,0,2
"Odion Ighalo",2,0,2,0,0,1,2,0,1,0,0,2,0,0
"Sebastian Prödl",0,0,1,4,0,0,0,3,1,0,0,1,0,5
"Troy Deeney",1,0,2,0,0,0,1,1,0,5,0,0,0,0
"Valon Behrami",2,0,1,0,0,0,0,0,1,0,1,0,0,0
"Younes Kaboul",4,0,8,2,0,1,1,1,3,1,4,4,0,0
