"Adam Smith",0,8,0,2,1,0,0,8,10,0,2,0,8,0
"Andrew Surman",5,0,0,0,1,7,0,14,12,1,4,4,10,6
"Artur Boruc",0,0,0,0,0,2,0,0,0,0,0,0,2,0
"Benik Afobe",0,1,0,0,0,4,0,1,0,0,0,2,2,0
"Callum Wilson",0,1,0,0,0,0,0,1,1,2,1,0,0,0
"Charlie Daniels",2,9,0,2,0,0,4,4,4,10,0,6,3,5
"Dan Gosling",2,0,0,3,0,2,0,0,1,0,1,0,2,0
"Harry Arter",4,14,0,0,0,4,0,0,5,3,5,0,4,7
"Jack Wilshere",4,13,0,2,0,6,4,6,0,1,0,2,5,1
"Jordon Ibe",1,4,0,0,2,5,0,2,4,0,0,0,0,0
"Joshua King",8,4,0,0,0,1,0,4,2,1,0,0,2,0
"Ryan Fraser",0,3,0,2,0,3,1,2,1,0,1,0,1,1
"Simon Francis",10,5,2,1,0,2,1,6,11,0,3,2,0,6
"Steve Cook",2,4,1,0,2,7,1,2,3,1,2,1,6,0
