"Aleksandar Kolarov",0,0,2,0,3,1,1,8,5,2,2,1,0,4
"Bacary Sagna",1,0,3,1,5,0,3,5,0,5,11,2,7,0
"Claudio Bravo",0,2,0,0,3,0,0,3,0,0,0,0,2,0
"David Silva",0,0,0,0,3,0,3,0,0,0,1,2,0,1
"Fernandinho",7,4,1,2,0,0,3,6,2,2,4,1,2,3
"Fernando",0,0,0,0,0,0,1,0,0,0,0,0,0,0
"Kevin De Bruyne",2,3,0,3,2,0,0,1,0,4,7,3,0,4
"Nicolás Otamendi",10,3,6,0,5,0,1,0,0,0,1,0,2,3
"Nolito",3,0,0,0,0,0,0,0,0,0,0,2,0,4
"Pablo Zabaleta",1,3,0,0,4,0,2,0,0,0,4,2,0,5
"Raheem Sterling",1,7,0,1,1,0,7,0,0,2,0,0,0,3
"Sergio Agüero",2,1,0,1,2,0,3,1,1,1,0,0,0,5
"Vincent Kompany",0,3,0,0,2,0,1,4,0,0,0,1,0,1
"Yaya Touré",1,5,0,1,7,0,5,4,5,4,3,2,1,0
