"Alfie Mawson",0,2,0,0,0,0,0,2,0,2,3,0,3,0
"Federico Fernández",0,0,1,0,0,0,2,2,0,0,0,0,0,0
"Gylfi Sigurdsson",0,0,0,3,0,0,0,1,0,0,5,0,1,1
"Jack Cork",2,1,2,0,1,1,4,4,0,0,3,0,2,0
"Jordan Ayew",0,0,0,1,0,0,3,0,0,0,1,0,1,0
"Ki Sung-yueng",0,0,0,0,0,0,0,0,0,0,0,0,0,1
"Kyle Naughton",0,0,2,1,2,0,0,6,0,2,0,0,1,4
"Leroy Fer",5,1,1,1,1,0,6,0,0,2,1,0,0,0
"Luciano Narsingh",0,0,0,0,0,0,0,0,0,0,0,1,0,0
"Lukasz Fabianski",2,0,0,0,1,0,1,0,1,0,0,0,0,1
"Martin Olsson",2,0,4,3,3,0,2,0,0,1,0,0,6,0
"Oliver McBurnie",0,0,1,1,0,1,0,0,0,0,0,0,0,0
"Tom Carroll",3,0,2,2,2,0,0,0,0,1,6,0,0,0
"Wayne Routledge",0,0,0,1,2,0,1,0,0,0,0,1,0,0
