"César Azpilicueta",0,23,7,3,2,2,0,1,1,10,5,1,9,1
"Cesc Fàbregas",20,0,3,4,13,5,1,2,0,16,8,1,6,3
"David Luiz",7,8,0,2,1,4,0,2,0,5,0,2,2,0
"Diego Costa",4,4,3,0,5,0,0,3,0,1,1,0,0,0
"Eden Hazard",5,8,1,3,0,1,0,3,0,6,6,0,5,0
"Gary Cahill",3,5,3,0,5,0,0,8,0,10,2,1,2,0
"Kurt Zouma",0,2,0,0,0,0,0,0,0,0,0,0,0,0
"Marcos Alonso",1,6,3,2,6,5,0,0,0,11,2,1,0,0
"Michy Batshuayi",0,1,0,0,0,0,0,1,0,0,0,0,0,0
"Nemanja Matic",11,19,4,5,6,12,0,5,0,0,5,0,1,1
"Pedro",2,8,2,3,3,2,0,3,0,5,0,0,0,0
"Thibaut Courtois",1,1,2,0,0,2,0,1,0,1,0,0,0,0
"Victor Moses",8,7,3,4,2,1,0,0,0,1,3,2,0,0
"Willian",1,2,0,0,0,0,0,0,1,0,0,0,0,0
