"Aaron Cresswell",0,0,0,0,1,1,8,1,2,3,0,0,1,3
"André Ayew",2,0,1,1,0,0,1,0,0,1,2,0,0,1
"Andy Carroll",1,1,0,0,0,0,2,0,1,2,0,0,1,0
"Cheikhou Kouyaté",1,0,1,0,0,6,4,2,1,4,0,0,2,2
"Darren Randolph",0,0,0,0,0,1,2,0,0,0,0,0,0,0
"José Fonte",1,1,1,3,4,0,1,3,0,3,0,0,0,6
"Manuel Lanzini",9,3,3,5,0,2,0,2,2,6,1,0,1,5
"Mark Noble",1,0,0,4,0,3,3,0,0,3,0,0,0,2
"Michail Antonio",0,1,0,1,0,0,1,1,0,1,0,0,2,0
"Pedro Obiang",4,2,0,2,0,2,11,1,3,0,1,1,2,3
"Robert Snodgrass",0,0,0,0,0,0,1,0,0,0,0,3,0,0
"Sam Byram",0,0,0,0,0,0,0,0,0,0,1,0,0,0
"Sofiane Feghouli",0,0,1,2,0,1,1,1,0,1,0,0,0,0
"Winston Reid",3,1,1,2,1,6,3,1,1,4,0,0,0,0
