"Adam Smith",0,1,2,1,5,1,3,0,0,0,4,7,2
"Artur Boruc",0,0,0,1,1,0,0,0,0,0,0,1,2
"Benik Afobe",2,0,0,0,0,0,1,1,1,0,0,0,1
"Charlie Daniels",0,0,1,0,3,3,0,4,6,1,0,2,4
"Harry Arter",4,0,1,5,0,2,0,1,1,0,1,3,4
"Jack Wilshere",3,0,0,1,4,0,3,3,0,0,0,4,3
"Jordon Ibe",4,0,0,0,1,0,0,2,0,0,0,1,0
"Joshua King",0,0,0,3,3,3,0,0,0,0,0,1,0
"Marc Pugh",0,0,0,2,1,1,0,1,0,0,0,0,1
"Max Gradel",0,0,0,0,0,1,0,0,0,0,0,0,0
"Ryan Fraser",2,0,0,0,0,1,0,0,0,0,0,1,0
"Simon Francis",7,1,0,1,0,5,0,1,1,0,2,0,9
"Steve Cook",3,1,0,15,5,0,0,0,2,0,0,2,0
