"Ashley Williams",0,11,0,11,0,4,0,3,7,0,6,0,1,0
"Bryan Oviedo",6,0,0,5,2,5,7,0,3,2,9,2,1,1
"Enner Valencia",0,0,0,1,0,0,0,0,0,0,0,0,0,0
"Gareth Barry",11,5,0,0,2,7,0,0,6,2,9,3,0,2
"Gerard Deulofeu",0,1,0,1,0,2,0,0,0,0,2,2,1,0
"Idrissa Gueye",4,5,0,4,2,0,2,3,8,6,8,10,0,1
"Kevin Mirallas",3,3,0,1,0,2,0,0,0,3,4,4,0,1
"Maarten Stekelenburg",4,0,0,1,0,0,0,0,6,3,0,0,0,0
"Phil Jagielka",4,1,0,8,0,5,2,4,0,7,3,10,0,2
"Romelu Lukaku",2,0,0,2,0,5,2,0,1,0,5,1,0,4
"Ross Barkley",6,9,0,4,0,7,7,1,3,1,0,5,0,2
"Seamus Coleman",1,0,0,6,3,12,0,1,13,5,0,0,2,9
"Tom Cleverley",0,0,0,0,1,0,0,0,1,1,0,1,0,0
"Yannick Bolasie",0,2,0,1,0,3,2,0,1,3,2,7,0,0
