"Alfie Mawson",0,0,12,2,0,6,0,0,2,0,5,4,3,1
"Angel Rangel",0,0,1,1,0,0,0,0,0,0,0,0,1,0
"Federico Fernández",2,0,0,1,0,3,0,9,4,0,6,0,1,2
"Fernando Llorente",1,1,1,0,6,4,0,1,1,0,0,3,3,0
"Gylfi Sigurdsson",0,0,0,3,0,1,0,4,1,0,0,1,6,0
"Jack Cork",5,1,2,2,2,0,0,8,6,0,0,7,14,0
"Ki Sung-yueng",0,0,1,0,0,0,0,0,0,0,0,0,0,0
"Kyle Naughton",0,0,7,3,1,4,0,0,11,0,1,0,2,2
"Leroy Fer",6,0,2,2,3,11,0,2,0,2,0,0,3,2
"Luciano Narsingh",0,0,0,0,0,1,0,0,1,0,0,0,0,0
"Lukasz Fabianski",5,0,0,5,1,1,0,0,0,0,0,0,1,0
"Martin Olsson",6,0,1,3,2,3,0,1,0,0,1,0,10,2
"Tom Carroll",7,1,0,2,5,6,1,2,4,1,0,8,0,0
"Wayne Routledge",0,0,2,0,0,0,0,1,3,0,0,0,1,0
