"Alex Iwobi",0,1,7,0,4,0,9,4,0,5,1,0,0,0
"Alex Oxlade-Chamberlain",2,0,2,0,9,11,2,3,0,3,0,0,4,1
"Alexis Sánchez",4,3,0,0,0,2,2,1,0,6,0,0,2,0
"Danny Welbeck",0,0,0,0,1,1,1,0,1,0,0,0,0,0
"Francis Coquelin",7,6,2,2,0,4,3,6,0,7,1,0,8,1
"Héctor Bellerín",0,6,2,0,5,0,0,1,0,5,1,2,10,4
"Kieran Gibbs",9,6,4,2,4,0,0,4,0,3,0,1,4,0
"Laurent Koscielny",2,7,2,0,8,0,4,0,0,4,0,1,15,0
"Lucas Pérez",0,0,0,0,0,0,0,0,0,0,2,0,0,0
"Mesut Özil",7,2,8,1,6,3,2,2,0,0,2,0,2,0
"Mohamed Elneny",0,0,1,1,3,0,1,0,0,2,0,1,1,0
"Petr Cech",0,1,1,0,0,0,0,2,0,0,0,0,1,0
"Shkodran Mustafi",0,10,0,0,5,6,1,15,1,0,3,5,0,4
"Theo Walcott",0,0,2,0,1,4,0,0,0,4,0,0,1,0
