"Ashley Williams",0,1,1,2,2,2,0,3,4,6,10,1,3,3
"Dominic Calvert-Lewin",0,0,0,0,1,0,0,2,2,0,1,2,2,0
"Enner Valencia",0,0,0,1,0,0,0,2,1,0,1,1,0,0
"Gareth Barry",0,0,1,0,5,1,0,2,0,0,1,1,4,0
"Idrissa Gueye",5,0,2,2,0,2,0,8,5,2,6,3,2,4
"Joel Robles",1,2,0,0,0,0,0,0,2,0,0,3,0,0
"Kevin Mirallas",0,0,1,0,0,0,0,1,0,0,0,0,0,0
"Leighton Baines",3,2,0,4,5,0,0,0,0,0,7,1,6,4
"Mason Holgate",0,2,1,1,4,1,0,0,0,6,5,3,3,3
"Matthew Pennington",6,0,0,0,6,2,0,0,3,0,1,0,0,0
"Phil Jagielka",11,0,0,3,3,7,0,5,3,0,0,2,2,0
"Romelu Lukaku",0,3,0,1,1,0,0,1,1,1,1,0,1,1
"Ross Barkley",2,1,0,0,3,0,2,3,3,0,2,2,0,5
"Tom Davies",1,1,0,0,4,0,0,4,2,1,1,1,2,0
