"Christian Eriksen",0,3,10,7,4,0,0,0,0,5,4,4,0,5
"Danny Rose",3,0,5,2,5,1,1,11,0,0,4,0,9,3
"Dele Alli",7,3,0,1,4,0,0,0,0,2,2,1,2,6
"Eric Dier",3,2,0,0,0,1,11,17,0,14,9,2,0,13
"Harry Kane",7,0,0,0,0,0,0,2,0,1,1,2,2,1
"Harry Winks",0,1,0,2,0,0,0,1,0,3,0,1,0,0
"Hugo Lloris",0,3,0,6,0,1,0,8,0,3,0,1,0,0
"Jan Vertonghen",3,12,4,19,0,0,9,0,1,2,5,1,0,5
"Josh Onomah",0,1,0,0,0,0,0,0,0,0,0,0,0,1
"Kyle Walker",11,1,3,9,0,2,1,1,0,0,3,2,0,7
"Mousa Dembélé",4,9,5,7,0,0,0,5,0,0,0,0,1,5
"Moussa Sissoko",2,0,1,1,1,2,0,0,0,3,1,0,0,2
"Son Heung-Min",3,1,2,1,1,0,0,0,0,0,2,0,0,4
"Victor Wanyama",4,7,4,14,0,0,0,7,0,7,2,2,2,0
