"Angel Rangel",0,0,4,2,2,1,2,1,5,8,2,4,2,2
"Borja Bastón",0,0,0,1,0,1,0,0,0,0,0,0,0,0
"Fernando Llorente",1,0,0,6,4,0,1,2,0,3,0,1,0,3
"Gylfi Sigurdsson",0,0,1,0,3,0,2,4,3,0,0,0,1,1
"Jack Cork",4,0,1,2,0,3,0,4,1,2,1,1,0,1
"Jordi Amat",1,0,3,0,1,0,1,6,2,3,2,9,0,3
"Ki Sung-yueng",2,0,0,0,0,3,0,2,1,1,0,0,0,0
"Kyle Naughton",0,2,3,5,8,3,1,0,3,3,0,1,0,1
"Leon Britton",5,0,3,1,2,2,0,6,0,2,0,6,0,1
"Leroy Fer",4,0,3,1,0,6,4,2,5,0,0,1,0,2
"Lukasz Fabianski",1,0,0,0,1,0,0,1,1,0,0,1,0,0
"Mike van der Hoorn",8,0,2,0,1,3,1,2,2,3,2,0,0,2
"Modou Barrow",2,0,0,0,0,0,0,0,0,0,0,0,0,0
"Wayne Routledge",1,0,1,2,1,0,0,0,1,2,0,0,0,0
