"Ahmed Musa",0,1,0,0,0,1,0,0,0,0,0,0,0,0
"Ben Chilwell",0,0,0,0,0,0,0,0,0,0,0,0,0,0
"Christian Fuchs",0,1,0,2,2,0,2,2,5,1,1,0,3,0
"Daniel Drinkwater",0,0,7,0,7,0,0,0,6,3,2,5,3,0
"Danny Simpson",0,0,2,6,0,0,2,3,1,4,1,2,5,1
"Islam Slimani",1,0,0,0,0,0,0,0,0,1,0,0,0,0
"Jamie Vardy",0,0,0,2,1,0,0,0,1,0,0,1,0,0
"Kasper Schmeichel",0,0,0,1,0,0,0,0,0,4,0,0,0,0
"Marc Albrighton",1,0,4,4,1,1,2,2,0,2,0,2,2,0
"Riyad Mahrez",0,0,2,6,4,0,1,0,2,0,1,6,3,2
"Robert Huth",0,1,1,0,0,0,0,2,0,0,0,0,3,0
"Shinji Okazaki",0,0,0,7,0,0,1,0,5,8,0,0,1,0
"Wilfred Ndidi",0,0,4,9,3,1,0,0,2,3,2,0,0,0
"Yohan Benalouane",0,0,0,1,0,0,0,1,0,1,0,2,4,0
