"César Azpilicueta",0,10,5,7,6,0,2,3,0,0,0,0,8
"Cesc Fàbregas",4,0,4,5,4,2,0,6,0,3,0,6,9
"David Luiz",7,0,0,3,4,0,0,5,0,0,2,0,1
"Eden Hazard",4,6,1,0,1,3,1,4,0,10,0,5,7
"Gary Cahill",4,3,5,4,0,6,0,9,0,8,7,1,1
"Marcos Alonso",0,1,0,5,9,0,0,6,0,6,2,0,1
"Nathaniel Chalobah",1,0,0,0,0,0,0,1,0,0,0,2,0
"Nemanja Matic",2,10,2,8,14,2,0,0,1,6,1,2,2
"Ola Aina",0,0,0,0,0,0,0,0,0,0,1,0,0
"Pedro",3,2,1,10,2,2,0,5,0,0,0,2,3
"Thibaut Courtois",6,0,0,0,1,1,0,0,0,0,0,0,0
"Victor Moses",6,4,2,5,0,2,2,3,0,2,0,0,3
"Willian",3,7,2,5,0,0,0,2,0,1,1,3,0
