"Abdoulaye Doucouré",0,1,0,0,0,0,0,1,0,0,2,0,1,0
"Craig Cathcart",0,0,0,1,0,0,0,0,0,0,0,0,0,2
"Daryl Janmaat",0,0,0,4,0,0,1,5,1,2,0,0,1,1
"Etienne Capoue",1,0,3,0,1,0,1,2,0,0,2,1,0,2
"Heurelho Gomes",0,0,0,0,0,0,0,0,0,2,0,1,0,0
"Isaac Success",0,0,0,0,0,0,0,0,0,1,1,1,0,0
"José Holebas",0,1,0,1,0,0,0,1,2,1,8,4,2,1
"M'Baye Niang",0,0,2,0,0,0,0,0,0,0,1,3,0,1
"Mauro Zárate",0,0,0,2,0,0,0,1,0,3,2,1,0,0
"Miguel Britos",0,0,0,0,3,0,4,0,0,0,2,3,0,2
"Tom Cleverley",1,2,1,0,0,3,1,1,0,0,0,2,2,0
"Troy Deeney",2,0,0,1,0,0,4,0,2,1,3,0,0,0
"Valon Behrami",0,3,0,2,0,0,2,1,0,1,0,1,0,1
"Younes Kaboul",1,0,3,0,0,0,0,0,1,0,1,4,0,0
