"Abdoulaye Doucouré",0,10,3,8,0,6,1,3,5,8,7,1,10,2
"Adrian Mariappa",6,0,0,11,0,2,5,3,1,0,1,1,1,0
"Christian Kabasele",1,0,0,1,0,3,0,0,2,4,7,3,0,0
"Daryl Janmaat",10,7,2,0,0,1,5,0,5,1,7,1,4,1
"Dion Pereira",0,0,0,1,0,0,0,0,0,0,0,0,2,0
"Etienne Capoue",7,2,2,3,0,0,0,0,4,3,1,1,2,0
"Heurelho Gomes",0,2,2,0,0,1,0,1,0,0,4,2,0,1
"Juan Zuñiga",3,1,0,0,0,0,0,0,1,0,2,0,3,0
"M'Baye Niang",4,0,2,2,0,6,1,0,0,2,0,1,7,2
"Nordin Amrabat",4,1,6,2,0,3,0,0,2,0,1,5,2,1
"Sebastian Prödl",5,4,4,2,0,3,3,0,1,2,0,0,4,1
"Stefano Okaka",3,1,0,2,0,2,0,0,5,1,0,0,2,1
"Tom Cleverley",14,1,1,3,3,3,1,0,4,7,1,5,0,2
"Troy Deeney",2,0,0,1,1,0,0,1,1,0,0,0,3,0
