"Alex Iwobi",0,4,4,1,2,0,2,7,3,0,0,4,0,1
"Alexis Sánchez",2,0,2,1,1,0,2,6,0,0,0,4,0,1
"Francis Coquelin",2,2,0,0,1,0,3,1,1,0,0,7,0,2
"Granit Xhaka",1,5,0,0,5,1,3,7,1,1,1,11,3,3
"Héctor Bellerín",0,4,0,3,0,0,2,2,1,1,3,8,9,2
"Kieran Gibbs",0,1,0,2,0,0,0,1,3,1,0,1,0,1
"Laurent Koscielny",2,0,1,8,1,1,0,4,5,0,3,1,4,0
"Mesut Özil",9,6,3,10,1,3,0,0,5,0,0,17,1,2
"Nacho Monreal",5,1,2,2,1,5,5,9,0,0,1,8,0,0
"Olivier Giroud",0,0,0,0,0,2,0,1,1,0,0,0,0,0
"Petr Cech",0,0,0,1,0,0,0,1,0,0,0,1,1,1
"Santiago Cazorla",8,2,2,6,6,0,4,23,8,2,0,0,5,1
"Shkodran Mustafi",1,1,2,2,4,0,4,2,0,0,4,6,0,4
"Theo Walcott",0,2,0,3,4,0,0,3,0,1,0,1,0,0
