"Ander Herrera",0,4,14,5,5,3,0,0,3,0,1,5,6,3
"Anthony Martial",2,0,1,7,1,0,0,2,4,0,4,0,5,1
"Antonio Valencia",15,0,0,3,0,1,6,0,4,0,3,5,6,1
"Ashley Young",2,17,0,0,11,2,2,3,7,0,2,0,8,9
"Daley Blind",8,2,6,15,0,4,6,1,2,0,2,3,2,2
"David de Gea",0,0,2,0,4,0,0,0,0,1,0,1,0,0
"Eric Bailly",2,0,4,1,3,1,0,0,0,0,0,0,6,0
"Henrikh Mkhitaryan",3,1,0,1,0,0,0,0,0,0,1,0,0,0
"Jesse Lingard",4,2,4,8,1,0,0,0,0,0,0,1,2,6
"Luke Shaw",0,0,0,0,0,1,0,0,0,0,1,0,0,0
"Marcus Rashford",2,2,1,2,1,0,1,1,1,0,0,0,2,3
"Matteo Darmian",6,1,3,0,4,4,0,0,1,0,0,0,5,0
"Michael Carrick",5,2,4,10,8,1,2,1,4,1,0,5,0,2
"Wayne Rooney",2,4,5,3,3,0,0,0,2,1,1,1,1,0
