"Aleix García",0,13,12,2,5,4,1,0,11,0,0,3,4,0
"Aleksandar Kolarov",7,0,10,1,5,0,6,1,7,0,1,4,3,0
"Fernandinho",14,1,0,3,2,11,8,1,4,0,3,8,6,0
"Gabriel Jesus",4,0,2,0,2,2,2,0,2,0,0,2,0,0
"Gaël Clichy",6,6,2,2,0,0,3,0,0,0,0,3,0,0
"Jesús Navas",10,0,7,3,1,0,10,1,9,0,5,2,5,1
"Kevin De Bruyne",1,4,12,1,2,4,0,1,6,1,5,4,2,0
"Leroy Sané",0,4,1,1,0,1,0,0,1,0,0,1,0,0
"Nicolás Otamendi",14,4,9,2,3,9,6,0,0,0,0,4,9,1
"Nolito",0,0,0,0,0,0,1,0,0,0,0,0,0,0
"Raheem Sterling",0,4,1,0,0,2,3,0,1,0,0,0,0,0
"Sergio Agüero",2,2,5,2,2,10,0,3,4,0,1,0,0,0
"Vincent Kompany",2,2,3,0,0,1,7,1,11,0,1,2,0,2
"Willy Caballero",0,1,0,0,0,1,0,0,2,0,0,1,2,0
