"Adnan Januzaj",0,0,0,0,0,0,0,1,0,0,0,0,0,0
"Billy Jones",0,0,5,3,1,0,1,1,1,2,2,3,0,2
"Darron Gibson",0,2,0,6,0,0,1,6,0,7,2,7,1,7
"Didier Ndong",0,5,5,0,1,1,3,1,0,3,0,5,0,3
"Fabio Borini",1,1,0,3,0,0,0,0,0,0,0,0,0,0
"Jack Rodwell",1,0,0,0,0,0,0,0,0,0,0,0,0,0
"Jason Denayer",0,0,3,2,0,0,0,3,0,7,4,2,1,2
"Javier Manquillo",1,0,2,1,0,0,8,0,1,2,3,6,6,5
"Jermain Defoe",0,1,2,0,0,0,0,2,0,0,0,3,1,0
"John O'Shea",0,2,8,5,1,0,3,3,0,0,4,3,2,3
"Jordan Pickford",0,1,1,1,0,0,1,0,0,2,0,0,5,0
"Lee Cattermole",0,1,4,1,1,0,3,7,3,1,2,0,4,2
"Victor Anichebe",0,0,2,3,0,0,2,3,2,0,0,4,0,0
"Wahbi Khazri",0,5,5,2,0,0,1,0,3,2,1,2,3,0
