"Craig Cathcart",0,4,0,2,0,0,1,1,2,1,0,1,5,5
"Daryl Janmaat",6,0,4,1,0,0,0,0,1,0,1,0,2,1
"Etienne Capoue",1,2,0,0,0,4,1,2,6,1,0,4,2,2
"Heurelho Gomes",0,0,0,0,0,1,0,0,0,0,0,0,0,3
"Isaac Success",0,0,1,0,0,1,0,0,0,0,0,0,0,0
"José Holebas",0,1,7,1,0,0,5,3,2,0,0,1,1,0
"Miguel Britos",1,1,4,3,0,4,0,0,2,0,0,0,2,3
"Odion Ighalo",0,0,2,0,0,3,0,0,2,0,0,0,3,2
"Roberto Pereyra",3,10,2,0,0,4,2,0,0,0,0,2,4,2
"Sebastian Prödl",0,0,0,2,0,0,0,0,1,0,0,0,0,0
"Stefano Okaka",0,1,0,1,0,0,0,0,0,0,0,0,0,0
"Troy Deeney",1,0,2,0,0,1,0,1,4,0,0,0,0,1
"Valon Behrami",1,3,4,1,3,2,6,2,0,0,0,0,0,1
"Younes Kaboul",6,0,1,0,0,0,3,0,1,0,0,5,0,0
