"Ben Foster",0,0,0,1,0,0,0,0,0,0,0,1,0
"Chris Brunt",2,0,2,1,0,1,0,0,2,0,1,0,0
"Claudio Yacob",0,2,0,3,2,2,1,2,1,2,0,0,2
"Craig Dawson",0,0,2,0,2,3,1,0,0,2,2,2,2
"Darren Fletcher",1,1,0,1,0,2,2,0,0,1,0,1,2
"Gareth McAuley",3,1,1,2,0,0,2,0,1,0,1,1,1
"Hal Robson-Kanu",0,0,0,0,2,0,0,0,0,0,1,0,2
"James McClean",0,0,1,0,0,4,0,0,1,0,0,0,0
"James Morrison",0,1,1,0,3,0,0,1,0,1,1,0,3
"Jonas Olsson",2,2,1,1,0,1,0,1,0,0,0,0,0
"Matt Phillips",0,1,0,1,3,0,1,0,1,1,0,0,3
"Nacer Chadli",0,0,0,4,0,0,0,0,2,0,0,0,2
"Salomón Rondón",0,1,4,0,1,3,0,1,2,0,1,2,0
