"Aaron Cresswell",0,2,0,6,0,7,0,3,5,4,5,1,0,2
"Adrián",1,0,0,1,3,0,0,0,2,1,0,0,0,4
"André Ayew",0,0,0,0,1,0,0,0,0,0,0,2,0,0
"Angelo Ogbonna",15,4,0,0,0,5,0,3,3,0,1,0,0,5
"Cheikhou Kouyaté",1,5,0,1,0,2,5,2,5,0,3,0,1,7
"Dimitri Payet",3,0,0,4,1,0,3,4,5,2,1,0,1,1
"Edimilson Fernandes",1,0,0,2,5,3,0,3,3,2,1,0,0,1
"Manuel Lanzini",1,0,1,0,1,4,5,0,6,1,5,0,0,2
"Mark Noble",1,2,2,6,8,5,1,5,0,5,2,0,2,5
"Michail Antonio",3,0,1,1,1,2,1,2,1,0,2,1,1,0
"Pedro Obiang",2,0,0,2,2,3,1,3,2,0,0,0,0,2
"Simone Zaza",2,0,1,0,0,0,0,0,1,0,0,0,0,0
"Sofiane Feghouli",0,0,0,0,1,1,0,0,2,1,0,0,0,1
"Winston Reid",3,5,0,6,8,1,3,0,4,2,1,1,0,0
