"Ander Herrera",0,14,4,6,1,7,3,5,2,11,9,9,1,1
"Antonio Valencia",19,0,4,0,0,8,5,0,0,3,4,1,1,4
"Chris Smalling",2,3,0,0,5,0,2,6,0,0,5,0,0,1
"Daley Blind",7,3,0,0,1,0,2,4,9,5,10,1,4,3
"David de Gea",0,0,0,0,0,1,0,6,0,0,2,1,1,1
"Henrikh Mkhitaryan",9,4,0,0,0,0,0,0,1,2,1,1,1,3
"Juan Mata",3,5,1,2,0,0,0,0,1,0,2,0,1,0
"Marcos Rojo",6,0,3,13,2,0,0,0,0,7,13,9,1,3
"Marcus Rashford",2,1,2,4,0,1,1,0,0,2,4,0,0,5
"Michael Carrick",5,2,0,5,0,1,0,8,4,0,9,2,0,6
"Paul Pogba",12,7,5,7,0,3,3,10,1,5,0,4,3,5
"Phil Jones",9,6,0,0,1,3,0,15,0,6,1,0,0,0
"Wayne Rooney",1,1,1,4,0,0,2,1,2,0,3,0,0,1
"Zlatan Ibrahimovic",3,2,1,2,0,2,2,1,4,3,3,1,0,0
