"Christian Kabasele",0,0,3,0,0,0,0,1,1,0,0,2,2,0
"Daryl Janmaat",2,0,0,1,0,0,0,0,2,0,0,0,0,0
"Etienne Capoue",3,0,0,0,0,9,1,7,3,1,2,2,7,4
"Heurelho Gomes",0,0,1,0,1,1,0,2,1,0,0,1,1,2
"Isaac Success",0,0,1,0,0,4,0,0,1,0,0,0,1,0
"José Holebas",0,0,10,0,3,0,7,9,1,1,0,3,7,1
"Juan Zuñiga",0,0,2,1,0,7,0,0,0,1,0,0,0,0
"Miguel Britos",1,0,3,8,2,8,2,0,1,0,2,0,3,1
"Nordin Amrabat",2,2,4,0,1,0,1,0,0,2,1,1,3,2
"Odion Ighalo",0,0,1,0,3,2,0,1,1,0,0,3,0,2
"Sebastian Prödl",0,0,2,1,0,0,0,1,0,0,0,0,0,1
"Troy Deeney",1,1,0,0,1,0,1,1,0,4,0,0,1,0
"Valon Behrami",1,0,8,1,0,4,0,6,4,2,0,4,0,2
"Younes Kaboul",2,0,1,4,0,0,0,2,2,3,2,0,1,0
