"Aleksandar Kolarov",0,5,6,1,12,11,0,16,0,3,6,1,3,4
"Bacary Sagna",3,0,1,2,7,3,5,20,0,8,0,7,3,2
"David Silva",4,3,0,0,4,14,0,2,0,4,5,3,3,0
"Fabian Delph",2,1,0,0,0,1,1,1,0,1,0,4,0,0
"Fernandinho",11,15,14,2,0,6,3,4,0,8,3,4,7,1
"Gaël Clichy",15,1,12,1,17,0,0,5,0,4,8,5,4,5
"Jesús Navas",0,4,0,0,1,0,0,2,0,3,0,0,1,0
"John Stones",15,12,2,2,14,10,1,0,0,2,0,7,1,4
"Kelechi Iheanacho",0,0,0,0,1,0,0,0,0,0,0,0,1,0
"Kevin De Bruyne",1,7,5,0,10,6,1,2,1,0,2,8,3,0
"Nolito",4,1,3,0,0,7,0,0,0,2,0,0,2,0
"Raheem Sterling",3,6,0,2,5,7,0,8,0,9,0,0,2,0
"Sergio Agüero",3,4,4,0,2,4,1,0,0,4,0,3,0,0
"Willy Caballero",4,2,0,0,1,2,2,4,0,0,0,0,0,0
