"Adnan Januzaj",0,0,0,0,0,0,0,1,0,1,1,0,3,3
"Donald Love",0,0,0,0,0,0,0,0,0,0,0,0,1,0
"Duncan Watmore",0,0,0,0,0,0,0,1,1,0,0,0,0,0
"Fabio Borini",1,0,0,0,1,2,0,1,0,3,0,1,2,2
"Jack Rodwell",3,0,1,1,0,9,1,0,0,1,0,2,3,2
"Javier Manquillo",1,0,0,7,1,0,1,0,1,6,0,0,0,3
"Jeremain Lens",0,0,0,0,0,0,0,0,0,0,0,0,0,0
"Jermain Defoe",0,0,0,0,0,1,0,0,0,0,1,2,1,0
"Jordan Pickford",0,0,0,1,0,1,0,0,0,0,0,0,0,0
"Lamine Koné",0,0,0,1,1,3,0,0,3,0,1,7,1,3
"Lynden Gooch",0,0,0,1,0,0,0,1,0,0,0,0,3,0
"Papy Djilobodji",4,0,0,2,6,2,0,0,1,2,0,0,0,2
"Patrick van Aanholt",6,2,0,0,0,0,0,1,2,1,1,4,0,0
"Steven Pienaar",1,0,0,1,4,3,0,2,0,2,0,0,3,0
