"Adam Smith",0,1,3,0,7,1,0,10,2,0,0,2,7,0
"Artur Boruc",1,0,2,1,0,0,0,1,0,0,1,0,0,2
"Benik Afobe",1,0,0,0,2,1,1,0,0,0,1,0,0,1
"Charlie Daniels",0,0,1,0,2,6,0,0,3,1,7,2,0,7
"Harry Arter",4,1,0,1,0,4,1,0,1,0,0,1,5,6
"Jack Wilshere",3,0,0,4,1,0,0,3,0,0,2,0,0,0
"Joshua King",1,0,2,0,1,1,0,0,0,0,0,2,0,0
"Junior Stanislas",1,0,1,0,2,4,1,0,0,0,0,0,1,2
"Lewis Cook",3,0,0,3,0,0,0,0,0,0,2,0,1,2
"Lys Mousset",0,0,0,0,1,0,0,0,0,0,1,0,0,0
"Marc Pugh",0,0,0,3,2,0,2,0,3,0,0,0,0,2
"Ryan Fraser",2,0,0,1,2,0,1,0,0,0,0,0,0,1
"Simon Francis",3,6,0,1,3,2,0,0,0,0,0,0,0,1
"Steve Cook",2,3,0,10,2,0,1,1,0,0,1,0,5,0
