"Abdoulaye Doucouré",0,1,10,0,0,5,0,7,4,4,7,0,2,1
"Daryl Janmaat",3,0,7,3,1,0,0,0,1,8,17,3,4,1
"Etienne Capoue",6,10,0,0,0,6,1,3,10,2,14,0,6,1
"Heurelho Gomes",1,0,1,0,0,0,0,0,6,0,9,0,0,0
"Isaac Success",0,0,0,0,0,1,0,0,0,0,1,1,0,0
"José Holebas",5,0,2,0,0,0,0,10,6,0,6,0,5,3
"Juan Zuñiga",0,0,3,0,0,0,0,0,0,0,0,2,3,0
"M'Baye Niang",3,0,3,1,0,5,3,0,5,1,2,1,8,0
"Miguel Britos",6,1,12,7,1,14,1,5,0,0,8,2,4,1
"Nordin Amrabat",2,6,2,0,0,0,0,1,1,0,1,0,3,0
"Sebastian Prödl",5,11,18,5,0,1,0,1,22,1,0,0,5,2
"Stefano Okaka",0,0,2,0,2,0,1,0,0,0,0,0,2,0
"Tom Cleverley",6,12,6,0,0,7,0,5,2,0,6,1,0,2
"Troy Deeney",1,1,1,0,0,1,0,1,0,1,2,1,0,0
