"Alfie Mawson",0,1,18,1,0,6,0,2,3,1,2,13,10
"Angel Rangel",1,0,0,1,0,0,0,0,0,0,0,0,0
"Federico Fernández",12,1,0,4,0,11,3,12,3,0,6,1,1
"Fernando Llorente",0,0,1,0,0,1,0,2,4,2,0,4,4
"Gylfi Sigurdsson",0,0,0,2,0,1,0,2,1,2,0,7,3
"Jack Cork",6,0,9,1,1,0,1,13,4,1,1,6,13
"Jordan Ayew",0,0,1,0,0,4,0,3,2,0,0,0,2
"Kyle Naughton",2,0,16,2,0,7,5,0,12,12,0,2,3
"Leroy Fer",4,0,5,3,3,5,2,9,0,1,0,3,7
"Luciano Narsingh",0,0,0,1,1,2,0,11,3,0,0,0,1
"Lukasz Fabianski",2,0,1,2,0,3,0,0,0,0,0,0,0
"Martin Olsson",17,0,4,2,6,4,0,1,3,0,1,0,23
"Tom Carroll",7,0,3,3,14,6,1,7,4,1,0,19,0
