"Andre Gray",0,0,1,1,0,1,4,2,3,0,0,0,0,0
"Ashley Barnes",1,0,0,2,0,1,1,1,0,0,1,1,4,0
"Ben Mee",0,3,0,0,0,2,3,1,3,1,3,7,0,1
"George Boyd",1,0,0,0,0,6,1,3,0,0,2,2,0,0
"James Tarkowski",0,0,0,0,0,0,0,0,0,0,0,0,0,0
"Jeff Hendrick",1,2,2,3,0,0,8,6,3,0,2,4,1,1
"Joey Barton",1,0,6,5,0,5,0,13,5,0,1,9,1,2
"Matthew Lowton",3,5,3,6,0,5,17,0,6,5,1,1,0,1
"Michael Keane",1,4,3,0,0,3,4,5,0,0,0,0,0,2
"Sam Vokes",0,0,0,0,0,0,0,2,1,0,0,0,0,0
"Scott Arfield",2,0,0,2,1,1,3,0,0,0,0,0,0,0
"Stephen Ward",5,4,4,2,0,9,5,1,0,0,0,0,2,5
"Steven Defour",0,1,0,0,0,3,3,0,0,0,0,1,0,0
"Tom Heaton",0,3,1,2,0,0,0,0,0,0,0,1,0,0
