"Billy Jones",0,0,1,8,2,0,1,2,1,2,1,0,0,0
"Bryan Oviedo",0,0,0,1,1,7,1,2,0,0,3,11,3,1
"Darron Gibson",1,0,0,0,1,0,0,0,0,0,0,0,1,2
"Didier Ndong",2,2,1,0,1,3,3,0,0,1,4,2,2,2
"Fabio Borini",1,1,0,2,0,2,0,2,1,0,1,2,0,0
"Jack Rodwell",0,5,0,0,0,0,1,0,0,3,1,3,1,0
"Jason Denayer",0,3,2,2,1,1,0,0,5,2,0,1,0,0
"Jermain Defoe",0,3,0,2,2,3,0,0,0,0,2,1,0,0
"Jordan Pickford",1,0,0,0,1,0,2,1,0,0,1,1,1,0
"Lamine Koné",3,1,1,2,1,0,2,0,2,0,1,0,1,0
"Lee Cattermole",6,1,0,0,1,4,1,1,0,1,0,2,0,0
"Sebastian Larsson",1,10,0,0,4,0,1,2,2,0,4,0,0,0
"Victor Anichebe",0,2,0,2,1,0,0,1,0,0,0,0,0,1
"Wahbi Khazri",1,0,2,1,0,0,0,0,0,1,0,0,0,0
