"Adam Clayton",0,4,1,1,8,1,6,12,11,10,6,1,0
"Adam Forshaw",2,0,0,4,1,0,4,3,2,0,1,0,0
"Adama Traoré",2,1,0,0,0,0,1,0,0,0,0,0,0
"Álvaro Negredo",6,1,0,0,0,1,0,3,3,0,3,0,3
"Ben Gibson",6,0,0,3,0,2,7,0,8,0,1,0,7
"Brad Guzan",0,0,0,1,1,0,0,0,0,0,0,0,0
"Calum Chambers",7,0,0,3,12,2,0,11,4,5,0,0,1
"Fabio",12,5,5,1,0,0,13,0,0,2,4,0,1
"George Friend",7,1,0,5,3,1,2,0,0,1,6,0,16
"Grant Leadbitter",6,0,0,2,0,0,3,3,2,0,1,6,1
"Marten de Roon",4,0,0,2,2,1,1,3,5,1,0,0,6
"Patrick Bamford",1,0,0,1,0,0,0,2,0,3,3,0,0
"Stewart Downing",3,3,0,1,7,0,2,1,7,4,1,0,0
