"Adam Lallana",0,0,9,1,0,2,4,7,8,3,4,5,0
"Daniel Sturridge",0,0,0,0,0,0,1,0,0,0,0,0,0
"Dejan Lovren",9,0,0,0,2,2,1,10,12,6,4,7,7
"Divock Origi",4,0,1,0,0,5,3,0,0,0,1,1,0
"Emre Can",0,1,1,0,0,4,0,1,1,1,1,1,0
"Georginio Wijnaldum",2,1,6,5,2,0,14,6,6,8,8,2,0
"James Milner",1,1,3,9,0,11,0,6,2,7,10,4,1
"Jordan Henderson",4,0,18,1,3,9,9,0,5,8,2,0,3
"Nathaniel Clyne",9,0,4,2,2,4,0,6,0,0,4,9,1
"Ragnar Klavan",3,0,8,0,0,3,10,9,0,0,5,2,2
"Roberto Firmino",7,0,2,2,0,6,10,7,1,1,0,3,1
"Sadio Mané",2,0,5,1,0,7,1,3,3,1,5,0,0
"Simon Mignolet",1,0,4,0,1,0,0,1,1,4,0,1,0
