"Adrián",0,0,0,0,0,0,4,0,0,2,0,0,0,0
"Álvaro Arbeloa",2,0,0,1,0,1,3,1,4,2,8,0,1,1
"Angelo Ogbonna",1,1,0,3,12,0,1,0,4,1,2,0,0,4
"Cheikhou Kouyaté",0,0,1,0,2,1,0,2,1,0,2,0,1,2
"Dimitri Payet",0,0,5,3,0,3,0,1,2,2,3,0,0,1
"Gökhan Töre",0,1,0,0,3,0,0,0,1,2,0,0,0,0
"James Collins",5,3,0,0,0,0,0,1,2,1,4,0,0,5
"Manuel Lanzini",0,1,0,2,3,0,0,0,0,0,3,0,0,0
"Mark Noble",0,4,5,1,3,3,4,0,0,1,2,0,0,2
"Michail Antonio",0,1,3,2,2,0,0,0,4,0,2,0,2,0
"Pedro Obiang",0,5,5,2,3,0,4,2,4,1,0,0,1,0
"Sam Byram",0,0,0,0,0,0,0,0,1,0,1,0,0,0
"Simone Zaza",1,0,1,0,0,0,1,1,0,3,1,0,0,0
"Winston Reid",2,1,4,0,2,0,9,0,1,2,1,0,0,0
