"Adnan Januzaj",0,1,0,1,0,1,1,4,0,0,1,0,0
"Billy Jones",4,0,1,3,3,2,5,0,0,1,1,1,1
"Bryan Oviedo",1,1,0,5,0,10,5,1,0,4,2,0,1
"Darron Gibson",1,6,2,0,0,2,1,2,2,1,0,3,0
"Didier Ndong",0,2,0,0,0,1,1,0,0,2,0,0,0
"Fabio Borini",0,1,4,3,2,0,1,2,2,0,0,5,1
"Jack Rodwell",2,4,5,2,0,2,0,3,0,0,0,1,0
"Jason Denayer",0,2,6,0,0,1,2,0,0,2,1,0,1
"Jermain Defoe",0,0,0,3,0,3,0,0,0,0,0,0,0
"John O'Shea",0,0,5,2,0,1,1,2,0,0,1,5,0
"Jordan Pickford",0,3,4,0,1,1,0,0,0,0,0,0,1
"Lamine Koné",1,3,0,1,1,1,0,1,0,2,0,0,1
"Wahbi Khazri",0,1,0,0,0,2,2,0,0,2,0,1,0
