"Adam Lallana",0,0,0,1,2,0,2,0,4,0,1,4,1,1
"Alberto Moreno",0,0,0,0,1,0,0,0,0,0,0,1,0,0
"Daniel Sturridge",0,0,0,0,0,3,1,2,1,0,1,0,3,1
"Dejan Lovren",2,1,2,0,0,8,9,13,13,7,0,12,8,1
"Divock Origi",0,1,0,0,0,0,0,1,0,0,0,0,0,0
"Emre Can",3,0,3,7,0,0,4,4,8,1,5,11,1,4
"James Milner",1,0,2,13,0,3,0,1,3,0,1,8,7,2
"Joel Matip",1,0,0,10,0,4,0,0,9,9,8,3,4,9
"Jordan Henderson",3,0,0,13,0,9,3,14,0,3,7,8,1,5
"Loris Karius",0,0,0,12,0,0,1,5,0,0,0,0,1,0
"Nathaniel Clyne",1,0,4,0,0,4,0,8,9,1,0,1,2,6
"Philippe Coutinho",3,0,1,4,1,10,6,3,5,0,1,0,7,3
"Roberto Firmino",1,0,1,2,0,4,3,0,8,0,1,2,0,1
"Sadio Mané",1,0,1,3,0,0,2,1,3,1,5,3,5,0
