"Andy King",0,0,0,1,0,1,1,3,1,0,0,0,3,0
"Christian Fuchs",3,0,6,1,0,1,3,2,8,0,0,5,2,0
"Daniel Drinkwater",0,5,0,2,0,0,2,0,4,6,2,0,5,2
"Danny Simpson",1,1,3,0,0,1,0,2,0,4,0,0,3,1
"Demarai Gray",1,0,0,0,0,0,1,0,0,0,0,0,0,0
"Islam Slimani",2,1,0,0,0,0,1,0,2,1,0,0,0,0
"Jamie Vardy",0,0,1,2,0,1,0,0,1,0,0,1,1,0
"Kasper Schmeichel",0,3,0,0,0,1,1,0,0,4,0,0,0,0
"Marc Albrighton",1,3,4,0,0,1,3,0,0,2,1,0,6,0
"Riyad Mahrez",0,3,3,1,0,0,0,0,2,0,0,1,7,2
"Robert Huth",0,3,4,1,0,2,0,2,1,1,0,0,1,0
"Shinji Okazaki",0,1,1,0,0,0,2,0,0,3,0,0,1,0
"Wilfred Ndidi",2,10,6,1,0,0,1,0,1,1,3,2,0,3
"Yohan Benalouane",1,3,0,2,0,0,1,0,1,0,1,0,1,0
