"Bruno Martins Indi",0,2,5,5,3,0,3,2,0,0,1,6,1,0
"Charlie Adam",3,0,3,6,0,0,1,2,0,1,3,0,6,0
"Erik Pieters",6,4,0,3,1,0,2,2,0,0,0,1,4,0
"Glenn Whelan",7,5,2,0,2,2,1,4,0,2,1,4,0,0
"Joe Allen",1,2,1,3,0,0,0,3,0,2,5,1,2,0
"Jonathan Walters",0,0,0,1,0,0,0,0,1,1,0,0,0,0
"Lee Grant",2,0,0,1,0,1,0,0,0,0,0,4,1,0
"Marko Arnautovic",2,3,2,3,3,0,0,0,0,1,0,0,4,0
"Peter Crouch",0,0,0,1,0,1,0,0,0,1,0,0,0,0
"Phil Bardsley",1,0,0,5,3,2,1,4,0,0,0,3,3,0
"Ramadan Sobhi",0,5,3,1,2,0,0,0,0,0,0,0,1,0
"Ryan Shawcross",4,3,0,3,0,0,5,3,1,3,0,0,3,1
"Wilfried Bony",1,3,1,2,4,0,0,3,0,2,2,0,0,1
"Xherdan Shaqiri",0,1,0,0,0,0,0,0,0,1,0,0,0,0
