"Adam Clayton",0,0,2,6,1,1,3,0,0,3,2,0,0,7
"Adama Traoré",0,0,0,1,0,0,0,0,0,0,1,0,0,0
"Álvaro Negredo",4,0,0,1,2,0,0,0,0,2,2,2,0,0
"Antonio Barragán",5,0,3,0,0,2,2,0,3,3,1,1,0,3
"Ben Gibson",1,0,1,1,0,5,1,0,0,2,0,1,1,2
"Brad Guzan",0,1,1,1,2,0,0,0,0,0,0,2,3,0
"Daniel Ayala",0,0,0,6,3,3,0,0,1,1,4,0,0,1
"Fabio",0,0,0,0,1,0,1,0,3,0,0,2,0,0
"Gastón Ramírez",2,0,0,3,0,0,0,4,0,1,0,0,0,0
"George Friend",4,0,3,0,3,1,1,0,2,0,2,1,3,4
"Grant Leadbitter",3,0,0,1,2,0,2,1,0,3,0,0,0,2
"Marten de Roon",1,0,1,0,0,0,0,1,1,2,0,0,0,1
"Rudy Gestede",1,0,0,0,0,0,1,0,0,1,0,0,0,0
"Stewart Downing",2,0,3,2,1,0,2,0,1,1,4,0,0,0
