"Adam Federici",0,0,0,1,0,0,1,0,0,0,0,2,0,3
"Adam Smith",0,0,0,1,0,3,6,1,6,1,0,0,3,0
"Benik Afobe",0,0,0,0,0,0,0,1,0,0,0,0,1,0
"Brad Smith",0,0,0,0,0,6,5,1,3,0,0,8,0,0
"Callum Wilson",0,0,0,0,0,0,0,0,0,2,0,0,0,1
"Dan Gosling",0,8,0,2,1,0,6,1,3,4,0,5,10,4
"Harry Arter",0,5,1,6,1,6,0,2,3,3,0,8,11,7
"Jordon Ibe",0,1,0,1,0,3,1,0,0,0,1,1,1,1
"Joshua King",0,3,1,1,1,4,4,0,0,1,0,0,3,2
"Junior Stanislas",0,3,0,2,0,3,5,0,4,0,0,1,1,0
"Lys Mousset",0,1,0,0,0,0,1,0,0,0,0,0,0,0
"Nathan Aké",2,0,0,5,0,3,7,1,1,3,0,0,0,5
"Simon Francis",0,6,1,0,0,14,10,3,2,0,0,0,0,9
"Steve Cook",6,0,0,2,0,4,6,0,0,2,0,3,6,0
