"Claudio Bravo",0,0,3,1,1,0,0,0,3,0,0,0,4,1
"David Silva",0,0,4,4,5,0,8,6,3,0,0,5,1,10
"Fernandinho",4,4,0,5,14,0,3,0,5,1,0,0,9,9
"Gaël Clichy",1,11,1,0,1,0,1,7,25,0,1,5,3,10
"Jesús Navas",0,4,10,1,0,0,13,0,1,2,0,5,9,3
"Kelechi Iheanacho",0,0,2,1,0,0,0,0,0,0,0,0,0,0
"Kevin De Bruyne",0,4,6,1,9,0,0,3,0,0,0,2,2,3
"Leroy Sané",0,10,3,11,1,0,1,0,3,0,0,1,0,3
"Nicolás Otamendi",6,3,9,14,1,0,0,3,0,0,0,5,15,13
"Pablo Zabaleta",0,0,0,0,2,0,0,0,0,0,0,0,1,0
"Raheem Sterling",0,0,0,2,0,0,0,0,0,0,0,0,0,0
"Sergio Agüero",0,8,0,4,1,0,3,1,0,0,0,0,0,5
"Vincent Kompany",5,3,7,5,4,2,3,2,17,0,0,2,0,12
"Yaya Touré",0,4,9,13,7,1,3,9,7,0,1,5,11,0
