"Cédric Soares",0,0,12,0,2,0,0,13,2,2,6,1,1,0
"Charlie Austin",0,0,0,0,0,0,0,0,0,0,0,0,1,0
"Dusan Tadic",4,0,0,0,6,1,6,0,3,7,5,0,5,2
"Fraser Forster",0,0,0,0,0,0,0,1,0,3,0,0,0,1
"James Ward-Prowse",8,0,7,0,0,0,0,5,5,6,0,1,2,3
"Jérémy Pied",0,1,0,0,0,0,0,1,2,4,0,0,5,1
"Matt Targett",0,0,11,1,1,0,0,4,5,8,5,0,5,4
"Maya Yoshida",10,0,0,2,10,0,1,0,0,11,3,0,0,9
"Nathan Redmond",4,0,3,0,3,3,2,1,0,0,4,0,3,2
"Oriol Romeu",5,0,5,1,10,4,4,4,2,0,10,2,18,8
"Pierre-Emile Højbjerg",5,0,5,0,0,3,6,3,5,10,0,2,1,2
"Shane Long",0,0,1,0,0,1,0,0,1,2,1,0,0,0
"Steven Davis",2,0,7,0,0,2,11,3,4,5,0,0,0,9
"Virgil van Dijk",4,0,1,1,2,0,7,6,0,11,3,0,9,0
