"Adam Smith",0,1,0,0,0,0,0,0,0,0,0,0,1,2
"Andrew Surman",1,0,3,0,2,0,8,4,0,5,9,7,8,10
"Artur Boruc",0,1,0,1,0,0,1,1,0,1,5,0,0,1
"Benik Afobe",0,1,0,0,0,0,3,1,2,3,0,2,3,1
"Charlie Daniels",0,5,1,0,0,1,7,7,2,0,6,9,1,1
"Dan Gosling",0,0,0,0,0,0,0,0,1,0,1,0,0,0
"Harry Arter",0,6,1,3,8,0,0,13,0,4,9,4,8,4
"Jack Wilshere",0,7,0,5,7,0,8,0,0,4,2,2,4,0
"Joshua King",1,0,0,1,2,1,1,0,0,0,0,0,0,0
"Junior Stanislas",0,4,0,2,1,0,4,8,0,0,0,1,4,4
"Nathan Aké",0,8,6,1,11,1,7,3,0,1,0,2,0,11
"Ryan Fraser",0,2,0,3,9,0,6,3,0,0,2,0,0,0
"Simon Francis",2,6,3,2,0,0,7,5,0,8,1,0,0,11
"Steve Cook",0,5,5,1,0,0,6,0,0,1,16,1,15,0
