"Ahmed Musa",0,2,1,0,0,0,1,0,0,1,0,0,0,0
"Ben Chilwell",1,0,7,3,0,0,1,1,2,4,2,3,2,1
"Christian Fuchs",0,5,0,0,1,0,3,2,6,3,0,0,5,1
"Daniel Amartey",0,4,2,0,4,0,1,0,1,2,5,1,4,2
"Danny Simpson",0,0,1,4,0,0,1,0,2,3,5,6,1,1
"Demarai Gray",1,0,0,1,0,0,0,0,0,0,0,0,1,0
"Islam Slimani",1,1,0,0,0,1,0,0,0,0,1,0,0,0
"Jamie Vardy",0,0,0,0,1,0,0,0,0,0,0,0,0,0
"Kasper Schmeichel",0,2,1,0,3,0,0,0,0,1,1,1,1,0
"Marc Albrighton",1,4,1,3,0,4,0,1,1,0,5,0,1,0
"Riyad Mahrez",1,0,1,4,4,1,0,0,1,3,0,0,4,0
"Shinji Okazaki",0,2,0,4,2,0,0,1,0,0,1,0,0,0
"Wilfred Ndidi",1,6,2,3,0,0,1,0,2,3,2,0,0,1
"Yohan Benalouane",0,0,1,2,2,0,0,0,3,0,0,0,0,0
