"Christian Eriksen",0,7,2,1,3,2,1,0,0,1,0,3,1
"Danny Rose",5,0,7,0,6,1,5,0,0,0,1,3,0
"Dele Alli",3,2,0,4,3,1,4,1,2,2,5,2,0
"Eric Dier",5,2,1,0,2,4,2,2,0,3,3,4,2
"Erik Lamela",3,2,3,1,0,1,2,0,0,0,2,3,2
"Harry Kane",1,0,0,3,1,0,1,0,0,0,0,0,2
"Jan Vertonghen",1,3,2,4,1,0,0,0,0,2,10,10,1
"Josh Onomah",0,0,2,1,0,0,0,0,0,0,0,0,1
"Kyle Walker",0,0,0,0,1,2,1,0,0,2,1,0,0
"Michel Vorm",0,2,3,3,0,2,8,0,0,0,5,1,0
"Toby Alderweireld",1,1,2,7,4,2,6,1,0,7,0,3,0
"Victor Wanyama",2,4,8,0,1,1,4,0,0,2,8,0,0
"Vincent Janssen",2,0,0,1,1,1,0,1,0,0,0,0,0
