"Branislav Ivanovic",0,4,1,3,3,0,5,0,1,13,4,0,2,5
"César Azpilicueta",7,0,5,7,3,11,2,0,0,8,9,0,1,1
"Cesc Fàbregas",3,2,0,2,3,6,2,0,0,4,3,0,0,2
"David Luiz",1,8,1,0,2,2,4,5,0,4,6,0,5,1
"Diego Costa",1,2,6,1,0,3,0,1,0,2,5,0,0,4
"Eden Hazard",2,7,5,2,6,0,1,3,0,1,3,0,0,2
"Gary Cahill",9,1,1,6,2,0,0,0,0,4,2,0,1,0
"Marcos Alonso",0,0,0,3,1,2,0,0,0,2,7,3,0,0
"Michy Batshuayi",0,0,0,0,1,0,0,0,0,1,0,0,0,0
"N'Golo Kanté",11,4,4,4,2,5,6,2,0,0,11,0,1,3
"Nemanja Matic",2,17,6,5,6,6,1,5,0,5,0,2,0,4
"Pedro",0,0,0,0,0,0,0,2,0,1,1,0,0,0
"Thibaut Courtois",1,1,0,0,0,0,2,0,0,2,0,0,0,0
"Willian",5,2,3,0,2,1,1,0,0,5,5,0,0,0
