"Christian Eriksen",0,2,1,2,2,1,0,0,5,3,0,0,1,2
"Danny Rose",4,0,5,5,1,0,1,4,0,7,0,3,0,2
"Dele Alli",1,0,0,0,1,0,0,0,2,1,0,0,0,1
"Eric Dier",3,2,1,0,2,0,4,0,6,6,0,1,6,4
"Harry Kane",2,1,0,1,0,0,0,0,0,1,0,0,0,1
"Harry Winks",0,0,0,2,0,0,0,0,5,2,2,0,0,2
"Hugo Lloris",1,0,0,1,0,0,0,0,3,0,0,1,4,4
"Kevin Wimmer",1,4,0,1,0,0,4,0,0,1,0,0,1,0
"Kyle Walker",6,0,1,6,3,2,1,0,0,9,2,1,2,3
"Mousa Dembélé",3,9,1,8,0,2,0,3,4,0,0,2,2,4
"Moussa Sissoko",1,0,0,0,1,0,0,0,1,0,0,0,0,0
"Son Heung-Min",0,2,0,0,0,0,0,0,0,2,0,0,0,1
"Toby Alderweireld",1,1,1,2,0,0,3,3,3,0,0,0,0,2
"Victor Wanyama",2,5,2,5,0,4,2,0,1,3,0,1,2,0
