"Aaron Cresswell",0,1,1,0,4,0,0,3,0,0,11,4,0,1
"André Ayew",2,0,0,5,3,0,1,0,0,1,3,0,0,6
"Andy Carroll",2,4,0,0,2,0,1,1,0,0,4,1,0,4
"Arthur Masuaku",0,2,1,0,4,0,0,2,1,0,8,0,0,0
"Cheikhou Kouyaté",6,2,0,1,0,1,4,4,0,5,13,2,2,2
"Darren Randolph",0,0,2,1,1,0,0,0,0,1,2,0,0,0
"Edimilson Fernandes",0,1,0,3,4,0,0,0,0,3,0,0,1,3
"James Collins",3,0,2,1,2,2,2,0,0,7,9,1,0,0
"Jonathan Calleri",0,0,0,0,0,0,0,0,0,0,0,0,0,0
"José Fonte",1,1,5,0,3,2,1,4,0,0,2,2,10,1
"Manuel Lanzini",5,8,6,4,9,0,5,5,0,6,0,8,4,4
"Robert Snodgrass",10,0,1,0,1,0,0,1,0,0,3,0,0,0
"Sam Byram",1,0,5,0,1,2,3,0,0,3,2,0,0,5
"Sofiane Feghouli",1,5,3,0,3,0,1,0,0,1,6,1,5,0
