"Aaron Ramsey",0,0,2,0,6,6,2,10,4,2,2,3,2,0
"Alex Iwobi",0,0,0,3,2,3,0,4,4,0,0,0,0,1
"Alexis Sánchez",3,0,0,0,1,0,4,5,1,0,0,0,0,0
"Danny Welbeck",0,4,0,0,3,1,0,2,0,0,1,0,0,0
"Granit Xhaka",6,2,3,1,0,14,8,22,4,3,0,9,6,1
"Héctor Bellerín",2,2,0,3,5,0,0,12,1,1,1,17,3,0
"Kieran Gibbs",7,0,4,0,9,1,0,2,9,0,0,1,0,0
"Mesut Özil",11,3,10,2,15,7,1,0,3,7,0,5,0,0
"Nacho Monreal",4,2,2,1,15,0,10,1,0,1,0,0,8,0
"Olivier Giroud",1,0,1,0,4,1,1,1,0,0,0,0,2,0
"Petr Cech",0,0,0,0,4,0,0,0,1,0,0,3,0,0
"Rob Holding",2,3,1,0,9,8,0,13,0,2,5,0,6,0
"Shkodran Mustafi",4,0,0,0,6,0,0,0,8,0,1,8,0,0
"Theo Walcott",0,1,0,0,1,0,0,0,0,0,0,0,0,0
