"Adam Clayton",0,7,1,0,2,0,6,0,1,1,0,0,0,0
"Adam Forshaw",4,0,2,0,5,2,5,0,1,0,4,1,0,2
"Álvaro Negredo",3,6,0,0,1,0,2,2,0,3,0,1,0,0
"Antonio Barragán",1,0,1,0,0,0,2,1,0,0,0,2,0,0
"Ben Gibson",0,1,3,0,0,4,0,3,0,0,5,0,0,2
"Brad Guzan",0,0,1,1,3,0,1,0,0,0,1,0,1,0
"Calum Chambers",3,2,4,3,0,1,0,2,4,1,1,1,1,2
"Daniel Ayala",0,1,3,0,2,2,1,0,0,0,0,0,1,2
"Fabio",1,2,0,0,0,0,2,0,0,0,2,0,0,0
"Gastón Ramírez",0,0,1,1,1,0,1,0,0,0,0,2,0,0
"George Friend",1,3,3,0,1,0,2,1,0,1,0,0,1,8
"Marten de Roon",0,1,1,1,0,0,1,0,0,2,0,0,0,3
"Rudy Gestede",0,0,0,0,1,0,2,0,0,0,1,0,0,0
"Stewart Downing",2,2,1,0,3,1,1,1,1,1,1,2,0,0
