"Christian Eriksen",0,3,1,0,0,1,1,3,2,7,3,4,1
"Danny Rose",6,0,3,5,1,0,0,16,4,11,11,5,3
"Dele Alli",3,1,0,0,0,0,0,2,1,3,2,5,0
"Eric Dier",0,1,1,0,0,1,3,11,7,1,0,5,0
"Georges-Kévin Nkoudou",0,0,0,0,0,0,0,0,0,0,0,0,1
"Harry Winks",1,0,0,1,0,0,0,0,1,0,0,0,0
"Hugo Lloris",0,0,0,2,0,0,0,4,0,1,0,0,0
"Jan Vertonghen",6,20,1,9,0,1,2,0,3,10,2,5,1
"Kyle Walker",3,1,3,8,0,0,1,6,0,0,9,8,2
"Mousa Dembélé",3,19,4,2,0,0,1,9,2,0,1,5,1
"Son Heung-Min",4,5,1,0,0,0,0,4,3,2,0,6,1
"Victor Wanyama",5,5,3,1,0,0,0,7,16,7,1,0,3
"Vincent Janssen",3,2,1,0,0,0,0,0,0,0,1,1,0
