"Andre Gray",0,0,0,0,0,0,0,0,1,0,3,0,1,0
"Ashley Barnes",0,0,0,2,1,0,0,2,1,0,0,1,0,0
"Ben Mee",0,1,0,4,0,0,0,0,3,0,0,10,4,5
"Dean Marney",0,1,5,0,2,0,2,1,1,0,3,3,4,0
"George Boyd",0,1,0,1,0,0,0,5,1,0,2,1,1,0
"James Tarkowski",0,0,0,0,0,0,0,0,0,1,0,0,0,0
"Johann Berg Gudmundsson",0,0,0,0,0,0,0,0,1,0,0,1,0,0
"Matthew Lowton",1,2,1,2,4,1,1,0,3,2,0,0,2,0
"Michael Keane",1,2,5,1,4,0,0,2,0,0,0,0,4,4
"Sam Vokes",0,1,0,0,0,1,0,1,0,0,0,0,0,0
"Scott Arfield",2,0,1,3,0,0,1,1,1,0,0,3,3,0
"Stephen Ward",0,1,7,4,0,0,1,1,5,0,5,0,6,1
"Steven Defour",0,2,4,9,2,0,0,3,5,0,3,3,0,1
"Tom Heaton",0,4,1,0,1,0,0,0,0,1,0,0,1,0
