"Adam Smith",0,14,0,1,0,4,8,7,1,0,1,12,16,0
"Andrew Surman",10,0,0,2,6,5,10,4,3,1,7,6,10,5
"Artur Boruc",0,1,0,0,0,0,1,0,0,0,0,0,1,2
"Benik Afobe",2,2,0,0,1,0,0,0,0,0,1,0,0,0
"Charlie Daniels",0,10,1,0,0,2,9,3,2,0,8,1,1,17
"Dan Gosling",1,4,0,0,4,0,0,0,0,0,1,0,2,5
"Harry Arter",6,13,0,0,10,0,0,5,1,0,6,3,13,7
"Jack Wilshere",2,3,0,0,5,0,6,0,1,0,4,3,1,2
"Joshua King",1,2,0,1,2,0,2,1,0,0,0,1,2,2
"Lys Mousset",0,0,0,0,0,1,0,0,0,0,0,0,0,0
"Marc Pugh",2,5,0,1,8,2,11,2,0,0,0,0,2,3
"Ryan Fraser",9,6,0,0,0,1,4,6,2,0,0,0,3,1
"Steve Cook",16,11,5,0,0,6,7,0,2,0,1,14,0,13
"Tyrone Mings",3,5,3,0,13,3,7,2,2,1,9,0,10,0
