"Andre Gray",0,0,0,0,0,0,0,0,0,0,1,0,0,0
"Ashley Barnes",0,0,0,2,1,0,1,1,0,0,1,0,0,0
"Ben Mee",0,0,0,5,0,4,2,1,3,4,8,11,10,4
"Dean Marney",1,1,6,0,0,8,1,10,6,1,4,8,9,2
"George Boyd",0,0,0,0,0,0,0,0,0,0,1,1,0,0
"Jeff Hendrick",1,1,8,9,1,0,5,3,7,2,0,4,2,0
"Johann Berg Gudmundsson",0,2,0,4,0,0,0,2,2,1,2,1,2,0
"Matthew Lowton",0,2,2,13,0,3,4,0,9,3,0,1,1,0
"Michael Keane",0,0,15,5,0,3,2,5,0,2,0,1,1,3
"Sam Vokes",0,1,0,3,0,2,1,3,0,0,1,3,0,0
"Scott Arfield",0,0,2,5,0,2,0,3,0,4,0,4,2,0
"Stephen Ward",1,0,9,5,0,6,0,0,2,2,5,0,6,2
"Steven Defour",0,0,3,7,0,6,0,6,5,0,4,0,0,0
"Tom Heaton",0,0,2,0,0,0,0,1,1,0,0,0,0,0
