"Aleksandar Kolarov",0,0,12,12,0,8,3,2,3,0,1,1,6,3
"Bacary Sagna",1,0,3,1,0,12,13,0,0,0,3,0,2,8
"David Silva",6,1,0,15,0,4,15,10,3,2,2,2,2,5
"Fernandinho",4,5,14,0,1,3,3,9,2,0,3,3,1,6
"Gabriel Jesus",0,0,1,0,0,0,1,0,0,0,1,0,0,1
"John Stones",15,9,4,1,0,0,5,0,3,0,4,3,11,8
"Kevin De Bruyne",3,10,15,7,0,5,0,6,3,0,3,2,0,8
"Leroy Sané",0,0,10,6,0,2,4,0,0,0,1,3,0,1
"Nicolás Otamendi",2,0,4,1,0,2,1,0,0,0,0,0,3,0
"Nolito",0,0,1,0,0,0,1,0,0,0,0,0,0,0
"Raheem Sterling",1,9,1,2,2,2,2,2,0,0,0,0,0,1
"Sergio Agüero",0,0,2,3,0,0,6,2,0,0,0,0,0,0
"Willy Caballero",9,2,1,4,0,3,2,3,1,0,0,0,0,0
"Yaya Touré",3,4,6,4,1,20,6,0,0,0,0,1,1,0
