"Ander Herrera",0,7,0,1,4,5,3,2,2,5,17,8,6,2
"Antonio Valencia",5,0,2,1,9,9,6,2,0,0,4,7,11,1
"Chris Smalling",0,1,0,1,0,0,0,3,0,0,2,0,1,1
"David de Gea",0,1,0,0,0,0,0,3,0,0,2,0,1,0
"Henrikh Mkhitaryan",7,2,0,0,0,0,3,5,0,1,3,6,0,2
"Jesse Lingard",3,5,0,0,0,0,0,1,0,1,8,15,3,2
"Juan Mata",7,3,1,0,3,1,0,2,2,0,3,3,1,1
"Marcos Rojo",8,1,3,0,0,3,0,0,5,5,15,17,13,2
"Marcus Rashford",3,0,0,0,0,0,3,3,0,0,4,4,0,6
"Matteo Darmian",3,0,0,0,5,3,0,8,0,0,0,5,1,0
"Michael Carrick",14,6,1,3,6,11,5,15,2,2,0,17,8,4
"Paul Pogba",4,5,1,0,5,7,6,10,7,7,18,0,7,8
"Phil Jones",6,17,2,1,0,1,2,7,1,1,11,3,0,2
"Zlatan Ibrahimovic",3,2,0,0,1,0,0,3,3,0,3,5,1,0
