"Bacary Sagna",0,3,6,0,0,10,0,5,0,0,0,4,0,0
"David Silva",6,0,11,2,8,4,0,9,6,4,4,3,0,3
"Fernandinho",4,15,0,7,6,3,2,6,1,8,3,8,0,3
"Gabriel Jesus",0,6,5,0,3,0,0,4,0,0,4,3,0,1
"Gaël Clichy",0,8,4,7,0,0,1,4,4,16,2,5,2,3
"Jesús Navas",6,4,1,0,1,0,2,5,0,0,0,3,0,0
"Kelechi Iheanacho",0,2,1,0,1,1,0,0,0,0,0,0,0,0
"Kevin De Bruyne",6,5,9,6,5,4,0,0,2,0,0,5,0,8
"Leroy Sané",0,5,1,0,1,0,0,2,0,2,2,2,0,1
"Nicolás Otamendi",1,5,7,2,14,1,1,4,2,0,1,10,1,12
"Sergio Agüero",0,1,3,1,1,0,0,1,1,2,0,2,0,4
"Vincent Kompany",4,5,8,3,1,1,0,10,0,13,3,0,3,8
"Willy Caballero",1,1,0,1,0,0,0,0,0,3,0,3,0,1
"Yaya Touré",0,8,4,3,5,0,0,3,3,7,5,8,1,0
