"Ander Herrera",0,1,0,1,1,1,2,2,0,2,0,4,0,2
"Anthony Martial",0,0,0,0,1,0,0,3,1,1,1,2,0,0
"Axel Tuanzebe",0,0,0,0,0,1,1,0,0,2,0,3,2,0
"Chris Smalling",3,0,0,0,0,3,4,0,0,0,0,0,5,0
"Daley Blind",1,8,3,2,0,2,0,1,5,6,0,0,6,5
"David de Gea",0,2,0,1,4,0,2,0,0,0,0,0,5,2
"Eric Bailly",4,0,2,1,0,0,0,1,5,6,0,4,0,1
"Henrikh Mkhitaryan",2,0,0,0,1,0,1,0,0,0,0,1,2,0
"Jesse Lingard",0,2,0,0,1,2,2,0,0,0,0,3,0,2
"Juan Mata",0,1,0,1,7,1,2,0,2,0,0,5,1,2
"Marcus Rashford",0,0,0,1,0,0,0,0,0,0,0,0,0,0
"Michael Carrick",0,0,0,2,7,1,4,0,2,0,0,0,5,3
"Phil Jones",2,0,4,5,7,8,2,2,0,0,0,3,0,0
"Wayne Rooney",3,0,0,0,4,0,4,0,0,4,0,1,1,0
