"Aleksandar Kolarov",0,2,11,0,9,8,18,1,4,2,1,2,9,9
"Bacary Sagna",6,0,7,1,10,0,12,2,0,0,8,2,1,4
"David Silva",10,4,0,0,11,10,7,3,4,0,9,1,0,13
"Fabian Delph",0,0,0,0,0,2,0,2,0,0,0,0,0,0
"Fernandinho",11,7,15,0,0,5,10,1,3,0,7,7,1,7
"Gaël Clichy",17,0,12,0,7,0,2,1,12,0,0,4,0,7
"John Stones",16,12,1,1,10,2,0,2,0,0,2,5,12,6
"Kevin De Bruyne",1,4,0,2,2,0,3,0,3,1,0,0,0,0
"Leroy Sané",2,1,7,0,4,11,0,2,0,0,0,2,0,3
"Nolito",1,0,1,0,1,0,0,0,0,0,0,0,0,0
"Raheem Sterling",0,6,10,0,6,0,1,1,2,0,0,1,0,5
"Sergio Agüero",1,5,6,0,4,3,0,2,1,0,0,0,0,5
"Willy Caballero",5,0,3,0,4,1,6,0,1,0,0,1,0,3
"Yaya Touré",3,3,10,0,5,9,6,0,6,0,8,5,3,0
