"Adam Lallana",0,0,0,0,1,5,4,9,4,5,5,2,1,0
"Alberto Moreno",0,0,0,1,0,0,0,2,0,0,5,0,1,0
"Daniel Sturridge",0,0,0,0,0,0,0,1,0,0,0,0,1,0
"Divock Origi",0,0,0,0,0,0,0,0,0,0,0,1,0,0
"Emre Can",3,0,0,0,0,5,9,4,4,5,5,1,0,0
"James Milner",10,0,0,0,8,0,1,13,8,1,11,9,0,2
"Joel Matip",3,0,0,1,7,4,0,7,16,9,3,2,5,4
"Jordan Henderson",5,1,0,0,3,9,10,0,12,10,9,3,3,3
"Lucas Leiva",2,1,0,0,14,21,10,12,0,4,5,3,0,3
"Nathaniel Clyne",6,0,0,1,1,1,8,8,3,0,5,4,14,1
"Philippe Coutinho",3,6,1,0,3,8,3,8,3,4,0,4,2,0
"Roberto Firmino",2,0,0,0,1,4,3,3,1,1,4,0,2,0
"Sadio Mané",1,0,0,0,1,1,2,6,3,8,2,0,0,0
"Simon Mignolet",0,0,0,0,0,0,4,0,4,1,1,0,0,0
