"Bruno Martins Indi",0,4,4,4,0,0,4,0,3,1,0,0,1,0
"Charlie Adam",3,0,4,4,1,0,0,0,3,2,0,0,2,1
"Erik Pieters",1,4,0,7,0,1,2,0,5,1,1,0,1,0
"Geoff Cameron",4,6,6,0,6,0,0,0,2,3,1,2,0,7
"Glen Johnson",1,0,1,7,0,2,1,0,3,5,0,2,3,3
"Jonathan Walters",0,0,0,1,0,0,0,1,1,0,1,0,0,1
"Lee Grant",2,0,0,1,1,0,0,0,2,0,0,0,0,1
"Mame Biram Diouf",0,0,0,0,1,0,0,0,0,0,1,0,0,0
"Marc Muniesa",5,3,1,5,2,0,2,0,0,5,1,2,0,3
"Marko Arnautovic",0,3,3,3,4,1,0,0,1,0,0,0,0,5
"Peter Crouch",0,0,1,3,1,0,0,0,3,0,0,0,0,2
"Ryan Shawcross",1,0,0,1,0,0,2,0,3,0,0,0,0,1
"Saido Berahino",0,0,1,1,1,0,0,0,1,1,0,0,0,1
"Xherdan Shaqiri",0,1,2,4,10,0,0,0,3,8,0,0,0,0
