"Aleksandar Kolarov",0,2,2,6,3,6,3,13,0,0,3,1,4,2
"Claudio Bravo",2,0,0,3,2,0,2,8,0,0,9,0,0,0
"David Silva",5,0,0,9,0,3,2,3,1,1,3,3,5,1
"Fernandinho",8,2,5,0,2,3,3,0,1,0,5,2,4,1
"Fernando",1,1,4,1,0,0,1,2,0,0,3,1,2,0
"Ilkay Gündogan",4,0,4,1,0,0,0,5,1,0,2,2,0,2
"Jesús Navas",1,0,4,3,2,0,0,1,0,0,2,4,1,0
"John Stones",9,14,3,5,2,2,1,0,2,0,6,2,1,1
"Kelechi Iheanacho",0,0,0,0,0,2,0,0,0,1,0,0,1,0
"Leroy Sané",0,0,1,0,0,0,0,0,1,0,0,0,0,0
"Nicolás Otamendi",3,7,9,7,1,3,2,1,0,0,0,4,1,0
"Pablo Zabaleta",2,2,4,0,1,1,4,1,0,1,3,0,0,4
"Raheem Sterling",2,0,4,3,2,0,0,3,0,0,0,2,0,0
"Sergio Agüero",1,0,1,0,0,4,0,2,0,0,1,1,0,0
