"Álvaro Arbeloa",0,4,1,0,2,1,1,2,2,0,3,6,5,5
"André Ayew",3,0,0,0,1,0,0,0,0,0,1,0,1,0
"Andy Carroll",0,0,0,1,0,1,0,0,0,0,1,0,0,0
"Angelo Ogbonna",0,0,0,0,11,1,2,5,0,0,4,2,2,4
"Arthur Masuaku",0,0,0,10,0,1,1,18,1,0,11,5,3,1
"Ashley Fletcher",2,0,0,0,1,0,0,1,3,0,4,2,3,0
"Darren Randolph",0,0,0,0,0,1,0,0,1,0,0,0,0,2
"Dimitri Payet",0,0,0,2,9,3,0,0,2,0,20,4,5,0
"Edimilson Fernandes",4,0,0,1,1,1,0,1,0,1,4,5,4,0
"James Collins",0,0,0,0,0,0,0,0,1,0,0,0,0,0
"Manuel Lanzini",2,1,0,4,6,2,0,13,2,1,0,5,11,3
"Mark Noble",3,0,0,6,3,2,2,4,4,0,1,0,5,3
"Pedro Obiang",5,1,0,3,7,2,0,6,0,0,8,4,0,1
"Winston Reid",2,1,0,6,3,1,2,0,1,0,3,3,0,0
