"David Silva",0,7,7,7,5,0,5,5,0,0,4,0,0
"Fabian Delph",8,0,23,27,3,12,4,2,0,2,3,9,2
"Fernandinho",9,20,0,6,12,6,8,1,0,0,3,4,0
"Gaël Clichy",11,22,9,0,2,2,5,4,2,0,4,14,0
"Jesús Navas",5,5,5,0,0,12,4,3,1,0,6,3,1
"John Stones",3,15,6,3,9,0,0,0,0,0,0,11,4
"Kevin De Bruyne",6,3,3,6,4,1,0,3,0,0,3,1,0
"Leroy Sané",3,3,3,5,1,1,1,0,0,0,1,3,0
"Nolito",0,0,0,1,1,0,0,0,0,0,1,1,0
"Raheem Sterling",0,0,0,0,0,1,0,0,0,0,0,0,0
"Sergio Agüero",3,3,3,4,4,1,2,2,1,1,0,0,0
"Vincent Kompany",0,14,3,14,5,13,2,0,0,0,0,0,5
"Willy Caballero",0,1,1,2,0,1,0,0,0,0,0,3,0
