"Adam Smith",0,4,0,1,1,0,2,15,1,5,3,0,9,3
"Andrew Surman",7,0,2,0,1,10,11,4,3,3,0,0,8,7
"Artur Boruc",0,0,0,0,0,0,0,0,0,0,0,0,2,7
"Benik Afobe",0,0,0,0,0,0,0,0,0,0,0,1,0,0
"Callum Wilson",1,4,0,0,0,1,1,0,0,0,0,0,0,0
"Charlie Daniels",1,11,1,1,2,0,10,4,9,1,0,3,0,6
"Harry Arter",6,3,0,1,1,8,0,2,3,1,2,0,7,2
"Jordon Ibe",4,7,0,0,1,2,3,0,1,3,0,0,3,1
"Joshua King",1,3,0,0,0,6,3,3,0,2,0,0,2,1
"Lewis Cook",4,4,0,1,0,1,2,1,0,0,0,0,5,0
"Lewis Grabban",0,1,0,0,0,1,0,0,0,0,0,0,1,0
"Max Gradel",0,1,0,0,0,1,2,0,0,0,0,0,0,1
"Simon Francis",17,6,5,0,0,1,5,2,0,0,1,1,0,12
"Steve Cook",3,6,1,0,0,13,2,0,3,2,0,0,14,0
