"Adrián",0,0,1,0,0,0,0,0,0,2,2,0,0,0
"Álvaro Arbeloa",0,0,6,0,0,9,4,1,4,10,3,0,0,3
"Angelo Ogbonna",1,11,0,1,0,2,1,0,4,6,1,1,0,6
"Ashley Fletcher",0,1,0,0,1,1,1,0,0,0,1,0,0,0
"Cheikhou Kouyaté",0,1,2,0,0,3,0,1,2,1,2,0,1,0
"Dimitri Payet",0,4,4,1,3,0,0,2,3,3,2,0,1,1
"Edimilson Fernandes",0,4,0,2,0,1,0,0,0,0,1,0,0,2
"Håvard Nordtveit",1,0,1,0,2,1,0,0,0,5,2,1,1,4
"Manuel Lanzini",1,5,1,0,1,4,0,0,0,4,0,0,0,0
"Mark Noble",1,4,6,0,1,4,0,7,5,0,1,1,2,8
"Michail Antonio",0,0,0,0,0,2,1,1,1,1,0,2,0,3
"Simone Zaza",0,1,0,0,1,0,1,0,0,2,0,0,1,0
"Sofiane Feghouli",0,2,1,0,0,0,0,2,0,1,1,2,0,0
"Winston Reid",2,1,9,1,2,0,1,2,0,4,2,0,4,0
