"Ben Davies",0,0,6,0,0,1,5,0,2,6,4,0,4,2
"Christian Eriksen",3,0,2,3,0,1,3,0,2,4,0,0,4,0
"Dele Alli",4,2,0,1,0,0,0,1,0,3,2,0,1,3
"Eric Dier",1,4,0,0,0,4,0,3,4,2,3,2,4,0
"Harry Winks",0,0,2,0,0,0,1,3,0,2,0,0,0,0
"Hugo Lloris",0,1,0,2,0,0,5,0,0,0,0,3,0,0
"Jan Vertonghen",9,4,5,1,0,6,0,1,0,5,1,3,11,0
"Kieran Trippier",0,1,0,2,0,0,0,0,0,0,0,0,0,1
"Kyle Walker",0,3,1,6,0,0,0,0,0,5,3,1,5,0
"Mousa Dembélé",6,5,2,2,3,0,11,0,4,0,1,0,10,0
"Son Heung-Min",3,3,0,1,0,0,1,0,0,2,0,0,2,0
"Toby Alderweireld",2,1,0,1,0,4,1,0,1,7,1,0,2,0
"Victor Wanyama",3,2,1,4,1,0,11,0,8,4,1,5,0,0
"Vincent Janssen",1,0,0,0,1,0,0,0,0,1,0,0,1,0
