"Billy Jones",0,5,1,1,0,0,4,1,0,1,0,0,0,1
"Didier Ndong",3,0,1,9,1,0,6,0,3,3,1,4,0,5
"Duncan Watmore",2,1,0,1,1,0,0,0,0,0,1,0,0,3
"Jack Rodwell",0,9,1,0,4,1,2,2,3,5,2,2,0,0
"Javier Manquillo",0,2,2,6,0,0,0,0,0,8,0,4,1,2
"Jermain Defoe",0,3,0,1,0,0,0,0,0,0,1,0,0,0
"John O'Shea",3,5,1,5,3,0,0,4,2,9,0,1,0,1
"Jordan Pickford",0,0,1,0,0,0,1,0,0,3,0,0,1,0
"Paddy McNair",0,0,2,2,0,0,0,0,0,1,0,0,0,3
"Papy Djilobodji",0,3,0,5,3,1,10,0,1,0,0,3,0,2
"Patrick van Aanholt",0,0,2,1,0,1,0,0,1,0,0,0,0,4
"Steven Pienaar",0,3,1,2,6,0,3,0,0,0,0,0,1,3
"Victor Anichebe",1,0,0,0,0,1,0,0,0,0,0,0,0,0
"Wahbi Khazri",1,3,1,2,0,0,2,0,2,1,1,4,0,0
