"Ben Chilwell",0,0,0,5,1,6,1,0,1,0,1,6,2,12
"Christian Fuchs",0,0,0,1,2,3,0,0,1,1,0,1,0,4
"Daniel Amartey",0,0,0,1,0,0,0,0,0,0,0,0,0,1
"Daniel Drinkwater",8,4,0,0,9,9,0,2,2,5,4,6,11,2
"Danny Simpson",0,0,0,12,0,0,1,1,2,1,3,1,7,9
"Demarai Gray",4,0,1,5,3,0,1,4,0,3,1,1,2,2
"Islam Slimani",1,0,0,3,0,2,0,2,0,0,0,0,0,2
"Jamie Vardy",0,0,1,1,0,4,2,0,0,1,1,0,0,1
"Kasper Schmeichel",0,3,0,0,0,0,1,1,0,0,0,0,0,0
"Marc Albrighton",0,2,0,2,3,0,0,1,0,0,2,0,0,0
"Riyad Mahrez",1,1,0,5,3,2,0,1,0,0,0,1,2,3
"Robert Huth",3,2,0,10,0,2,2,0,2,1,1,0,2,6
"Wes Morgan",0,0,1,5,6,0,0,2,2,0,2,7,0,5
"Wilfred Ndidi",8,0,0,9,6,3,4,3,2,1,4,4,6,0
