"Ben Davies",0,3,5,0,2,1,2,2,10,2,10,4,9
"Christian Eriksen",3,0,3,5,5,0,1,10,5,1,3,3,5
"Dele Alli",4,5,0,3,1,0,0,1,7,1,7,1,4
"Eric Dier",0,4,5,0,1,0,10,5,8,0,0,10,5
"Harry Kane",2,4,3,0,0,0,0,2,0,0,2,0,2
"Harry Winks",1,1,0,0,0,0,0,0,0,0,0,0,0
"Hugo Lloris",0,0,0,7,0,0,0,1,0,0,0,6,1
"Kyle Walker",1,11,0,10,5,0,3,0,7,0,1,2,10
"Mousa Dembélé",10,8,9,5,1,0,0,5,0,0,3,8,18
"Moussa Sissoko",1,1,1,0,1,0,0,0,0,0,0,0,0
"Son Heung-Min",4,4,3,0,2,0,0,0,5,0,0,1,2
"Toby Alderweireld",9,1,2,4,1,0,4,4,9,0,2,0,7
"Victor Wanyama",8,10,6,8,2,0,0,10,18,1,1,8,0
