"Cédric Soares",0,0,0,16,1,6,8,6,3,5,0,0,1,1
"Charlie Austin",0,0,0,2,0,0,0,1,1,1,0,0,1,0
"Cuco Martina",1,0,0,0,0,0,0,0,1,1,0,0,0,0
"Dusan Tadic",12,1,0,0,0,3,4,5,1,0,1,0,3,2
"Fraser Forster",2,1,1,1,0,0,1,0,1,0,1,1,0,2
"Jordy Clasie",1,0,0,4,0,0,2,1,1,0,1,0,2,3
"José Fonte",9,1,0,0,6,1,0,2,2,0,2,0,1,9
"Nathan Redmond",8,1,0,8,0,0,1,0,1,1,1,0,7,1
"Oriol Romeu",3,0,0,0,0,1,3,4,0,3,4,1,5,8
"Pierre-Emile Højbjerg",2,1,0,3,1,0,3,0,1,0,1,0,0,0
"Ryan Bertrand",0,3,0,1,1,1,0,5,2,0,0,1,7,8
"Shane Long",0,0,0,0,0,0,0,2,0,0,0,0,1,0
"Steven Davis",6,1,0,2,0,2,2,4,8,0,7,0,0,6
"Virgil van Dijk",2,2,0,3,8,5,8,0,6,2,4,2,6,0
