"Adam Lallana",0,0,0,2,4,0,5,4,4,6,3,1,4,0
"Alberto Moreno",0,0,0,0,0,0,2,0,0,0,0,0,2,0
"Daniel Sturridge",0,0,0,0,0,0,0,0,2,0,1,0,1,0
"Dejan Lovren",4,0,0,0,0,3,4,1,9,7,7,0,6,6
"Divock Origi",1,0,0,1,0,0,5,1,4,3,1,2,5,0
"Emre Can",0,0,0,3,0,0,1,1,2,0,1,0,2,0
"Georginio Wijnaldum",3,3,0,5,2,2,0,10,11,5,6,5,4,0
"James Milner",5,2,1,2,8,1,13,0,7,2,8,9,1,1
"Jordan Henderson",2,1,0,10,0,1,7,11,0,9,17,3,1,4
"Nathaniel Clyne",6,0,2,6,3,2,2,0,2,0,1,2,19,0
"Ragnar Klavan",1,0,1,8,4,0,5,10,9,2,0,3,0,10
"Roberto Firmino",1,0,0,2,1,0,6,8,3,3,1,0,2,0
"Sadio Mané",9,1,1,5,3,0,4,1,6,8,1,1,0,1
"Simon Mignolet",1,0,0,3,1,0,0,3,4,0,5,1,1,0
