"Branislav Ivanovic",0,0,0,0,0,0,0,0,0,0,1,0,0,0
"César Azpilicueta",0,0,2,2,2,0,3,1,0,7,10,4,1,7
"Cesc Fàbregas",0,0,0,0,1,5,1,0,0,1,2,0,2,0
"David Luiz",0,8,1,0,1,0,3,0,0,1,5,1,5,0
"Diego Costa",0,0,4,1,0,5,0,1,0,1,2,0,0,0
"Eden Hazard",0,3,2,0,9,0,0,8,0,1,1,0,1,1
"Gary Cahill",0,2,1,7,0,5,0,4,0,1,10,2,1,1
"Marcos Alonso",0,0,0,1,1,7,10,0,0,3,6,0,0,1
"Michy Batshuayi",0,0,1,0,0,0,0,0,0,0,0,0,0,0
"N'Golo Kanté",0,6,1,1,2,3,0,3,0,0,5,0,2,3
"Nemanja Matic",0,5,0,5,1,7,10,9,0,1,0,1,2,1
"Thibaut Courtois",0,1,0,0,0,0,1,1,0,0,0,0,0,0
"Victor Moses",0,7,2,0,4,0,0,0,0,2,2,0,0,4
"Willian",0,3,0,1,0,2,2,1,0,3,1,0,4,0
