"Abdoulaye Doucouré",0,1,1,10,1,1,6,1,0,0,1,1,4,1
"Adlène Guédioura",1,0,2,4,0,0,0,0,0,1,0,6,0,1
"Christian Kabasele",3,2,0,2,0,0,0,0,0,1,0,4,0,2
"Etienne Capoue",4,6,5,0,0,0,5,1,5,0,5,0,2,5
"Heurelho Gomes",0,1,0,1,0,1,0,0,0,0,1,0,0,1
"Jerome Sinclair",3,0,0,2,0,0,0,0,0,2,0,0,0,1
"José Holebas",7,2,0,4,0,1,0,0,3,1,0,2,2,3
"Michael Folivi",2,0,0,0,0,0,0,0,0,0,0,0,0,1
"Miguel Britos",2,0,0,0,0,3,1,0,0,1,5,1,0,2
"Odion Ighalo",0,1,0,2,0,0,0,0,0,0,0,3,0,0
"Sebastian Prödl",1,1,1,2,2,0,2,0,2,0,0,0,0,3
"Troy Deeney",4,3,3,1,0,0,0,0,0,1,0,0,0,0
"Valon Behrami",1,1,0,2,0,0,3,0,1,0,0,0,0,1
"Younes Kaboul",1,1,9,4,2,1,0,0,2,1,1,1,0,0
