"Cédric Soares",0,11,0,0,1,5,7,3,3,1,0,0,0,1
"Dusan Tadic",3,0,0,0,2,2,1,2,0,2,0,1,5,0
"Fraser Forster",0,0,0,0,0,0,2,1,0,0,0,1,0,2
"James Ward-Prowse",0,0,0,0,0,0,1,1,0,0,2,0,0,0
"Jay Rodriguez",0,2,0,0,0,2,0,1,1,0,0,0,0,0
"Jordy Clasie",6,1,1,0,0,0,6,0,3,0,1,0,5,2
"José Fonte",11,0,6,1,1,5,0,2,8,2,0,0,1,6
"Nathan Redmond",1,2,0,0,1,2,2,0,3,4,1,0,6,1
"Oriol Romeu",4,7,1,2,0,8,4,4,0,7,2,1,7,0
"Pierre-Emile Højbjerg",1,0,1,0,0,0,2,2,7,0,1,0,2,0
"Ryan Bertrand",0,0,0,1,2,1,0,3,5,1,0,1,8,6
"Shane Long",0,1,0,0,0,0,0,0,0,1,1,0,1,0
"Steven Davis",2,2,1,1,1,2,3,7,6,0,8,1,0,9
"Virgil van Dijk",3,0,3,0,0,0,9,0,1,1,2,1,7,0
