"Aleksandar Kolarov",0,1,3,8,2,2,2,6,4,1,7,15,1
"Bacary Sagna",0,0,5,2,3,1,12,3,4,4,2,0,7
"Claudio Bravo",3,1,0,1,6,0,5,0,1,1,9,0,0
"David Silva",8,3,3,0,8,2,4,2,6,5,7,11,1
"Fernandinho",5,8,4,4,0,1,5,3,3,2,4,7,5
"Fernando",3,1,0,3,1,0,2,0,3,0,1,2,0
"John Stones",2,5,6,2,5,3,0,4,1,0,9,0,1
"Kelechi Iheanacho",3,1,1,1,0,0,1,0,3,0,2,6,0
"Kevin De Bruyne",3,3,0,8,4,1,3,1,0,0,0,5,3
"Leroy Sané",0,2,0,5,1,0,1,0,0,0,0,0,0
"Nicolás Otamendi",14,1,5,5,4,2,1,3,5,0,0,5,0
"Nolito",12,3,0,10,3,2,0,1,8,1,2,0,1
"Raheem Sterling",0,5,0,3,2,1,1,1,1,0,0,0,0
