"Cédric Soares",0,3,0,0,3,11,9,2,0,1,10,2,0,1
"Dusan Tadic",2,0,0,0,0,5,6,0,0,4,1,6,1,1
"Fraser Forster",0,0,0,0,1,1,0,0,2,0,0,2,0,0
"Harrison Reed",2,0,0,0,0,0,0,0,0,0,0,0,1,1
"Jack Stephens",12,2,0,0,0,2,7,0,6,0,5,0,0,0
"James Ward-Prowse",11,6,2,0,2,0,7,0,0,2,4,2,0,1
"Jordy Clasie",7,5,0,0,6,6,0,0,6,3,11,2,0,1
"Josh Sims",1,0,0,0,0,0,1,0,0,0,0,0,0,0
"Maya Yoshida",1,0,4,1,8,1,2,0,0,3,9,9,0,1
"Nathan Redmond",0,6,0,0,0,2,1,0,2,0,4,6,0,3
"Pierre-Emile Højbjerg",9,1,1,0,8,7,11,0,12,4,0,16,1,1
"Ryan Bertrand",1,6,2,0,1,2,8,0,11,6,19,0,2,0
"Sam McQueen",0,1,0,0,0,0,0,0,0,0,1,4,0,0
"Shane Long",0,4,0,1,0,0,0,0,0,3,1,2,0,0
