"Adrián",0,1,1,1,0,1,0,0,0,0,1,4,1,0
"Angelo Ogbonna",1,0,4,1,1,0,0,2,3,0,4,0,0,1
"Arthur Masuaku",3,8,0,0,1,1,0,0,0,1,3,0,0,1
"Ashley Fletcher",0,1,1,0,1,2,0,0,0,1,2,1,0,0
"Cheikhou Kouyaté",1,2,5,0,0,0,0,0,0,0,3,1,0,0
"Enner Valencia",0,1,3,0,0,0,0,0,0,0,0,1,0,1
"Gökhan Töre",0,0,0,0,0,0,0,1,0,0,2,0,0,1
"James Collins",3,0,1,0,2,0,3,0,0,0,2,1,1,3
"Jonathan Calleri",0,1,1,0,0,0,0,0,0,0,2,0,0,0
"Manuel Lanzini",0,1,0,1,1,0,0,0,1,0,0,0,0,0
"Mark Noble",0,1,1,4,3,1,2,6,0,0,0,2,2,4
"Michail Antonio",0,1,0,2,2,0,2,3,0,2,3,0,1,1
"Sam Byram",0,0,0,0,0,0,0,3,0,0,2,4,0,1
"Winston Reid",0,2,0,1,2,0,0,3,0,0,1,1,1,0
