"Branislav Ivanovic",0,1,0,0,0,0,1,2,3,0,0,1,0,1
"César Azpilicueta",1,0,7,0,1,0,0,0,8,6,3,1,5,1
"David Luiz",0,6,0,0,1,5,2,0,0,6,0,4,2,0
"Diego Costa",0,0,1,0,1,2,2,0,2,2,2,0,1,0
"Eden Hazard",1,2,0,5,0,1,3,0,6,5,2,0,2,0
"Gary Cahill",0,0,3,1,4,0,10,0,2,1,0,4,0,0
"Marcos Alonso",1,0,2,3,12,5,0,0,3,4,1,0,0,0
"Michy Batshuayi",0,0,0,0,0,0,0,0,1,0,0,0,0,0
"N'Golo Kanté",2,5,4,3,7,2,0,0,0,4,7,0,3,3
"Nemanja Matic",1,3,5,3,4,6,4,0,4,0,1,2,2,2
"Pedro",0,0,3,0,4,0,2,0,5,3,0,0,0,0
"Thibaut Courtois",0,3,0,0,0,3,5,0,0,0,0,0,0,0
"Victor Moses",0,7,2,0,2,0,0,0,6,1,3,0,0,1
"Willian",3,1,1,0,0,1,0,0,2,1,0,0,1,0
