"Craig Cathcart",0,1,1,1,0,1,0,1,2,4,2,0,1,0
"Daryl Janmaat",4,0,0,1,0,0,0,1,0,0,0,0,2,2
"Etienne Capoue",0,1,0,0,0,3,0,1,0,1,1,0,3,3
"Heurelho Gomes",0,0,0,0,0,0,0,0,0,1,0,0,2,0
"Isaac Success",0,0,0,0,0,0,1,0,0,0,0,0,0,0
"José Holebas",1,0,4,0,1,0,2,5,0,7,1,0,1,3
"Juan Zuñiga",1,0,0,0,1,0,0,0,0,0,0,0,0,0
"Miguel Britos",0,0,0,2,0,4,0,0,1,0,0,0,1,0
"Nordin Amrabat",0,0,2,0,0,0,0,0,0,0,4,0,0,1
"Odion Ighalo",1,2,4,0,0,5,0,1,0,0,1,1,1,1
"Roberto Pereyra",1,2,4,0,0,0,0,0,1,1,0,2,2,1
"Sebastian Prödl",1,0,0,1,0,0,0,0,0,0,1,0,2,0
"Troy Deeney",0,1,1,0,0,1,0,0,1,6,3,0,0,1
"Valon Behrami",2,3,5,2,0,1,0,3,0,0,3,2,0,0
