"Abdoulaye Doucouré",0,1,5,1,5,2,1,2,2,5,4,8,5,2
"Adrian Mariappa",1,0,0,1,1,1,0,0,0,0,0,0,0,0
"Craig Cathcart",5,0,0,0,7,3,0,1,2,5,5,4,0,1
"Daryl Janmaat",1,0,2,0,0,1,0,0,0,0,1,0,0,0
"Etienne Capoue",5,0,6,0,0,0,0,3,4,5,2,4,3,5
"Heurelho Gomes",1,0,1,1,0,0,0,0,0,5,1,3,0,3
"Isaac Success",1,0,0,0,1,0,0,0,0,0,0,0,0,0
"José Holebas",3,0,0,1,2,0,2,0,3,9,1,1,8,1
"M'Baye Niang",4,0,1,0,6,1,0,2,0,1,2,0,8,1
"Miguel Britos",7,0,0,0,5,7,0,9,4,0,1,6,4,1
"Nordin Amrabat",3,0,5,1,5,0,0,0,2,2,0,0,2,0
"Sebastian Prödl",3,0,5,0,4,1,0,2,2,8,4,0,3,0
"Tom Cleverley",4,1,3,1,1,0,0,7,9,4,3,3,0,4
"Troy Deeney",1,0,0,0,2,0,0,1,2,0,1,1,6,0
