"Daniel Sturridge",0,0,0,0,0,0,0,0,0,0,1,1,1
"Dejan Lovren",0,0,0,12,1,15,7,14,1,3,12,2,0
"Divock Origi",0,0,0,0,0,0,0,0,0,0,1,0,0
"Emre Can",0,10,0,0,4,3,2,7,0,1,1,1,2
"Georginio Wijnaldum",1,1,0,2,0,0,8,6,1,9,3,1,6
"James Milner",0,10,1,5,2,0,1,8,0,2,14,7,0
"Joel Matip",0,11,0,4,4,5,0,13,8,9,6,5,3
"Jordan Henderson",1,14,0,3,9,8,18,0,0,8,9,0,3
"Loris Karius",0,4,0,0,0,1,2,2,0,0,0,0,0
"Nathaniel Clyne",0,2,0,3,8,0,8,11,1,0,3,7,15
"Philippe Coutinho",2,6,0,8,3,11,7,5,0,8,0,6,3
"Roberto Firmino",0,2,0,0,4,3,2,2,0,5,8,0,4
"Sadio Mané",1,2,0,1,2,3,3,4,0,5,5,2,0
