"Ander Herrera",0,3,0,1,1,3,0,1,0,0,5,0,1,0
"Anthony Martial",2,0,1,1,0,6,2,1,5,2,4,2,0,5
"Axel Tuanzebe",0,0,0,3,3,6,4,0,5,0,0,1,2,0
"Chris Smalling",0,0,3,0,3,0,2,0,4,0,0,3,6,0
"Eric Bailly",2,0,6,0,0,6,7,1,1,0,1,1,0,5
"Henrikh Mkhitaryan",1,3,4,2,4,0,7,0,9,5,3,0,0,7
"Juan Mata",0,5,4,1,5,3,0,0,8,0,0,0,0,0
"Marcus Rashford",0,0,0,0,3,0,0,0,0,1,0,0,0,0
"Marouane Fellaini",0,4,4,5,2,14,3,0,0,5,1,2,0,9
"Matteo Darmian",1,7,1,0,1,4,1,0,6,0,3,4,0,0
"Michael Carrick",4,5,0,1,1,1,0,0,0,3,0,1,1,2
"Phil Jones",3,1,0,3,1,2,0,0,4,6,0,0,1,0
"Sergio Romero",0,1,0,1,1,1,0,1,4,0,1,1,0,0
"Wayne Rooney",1,4,0,1,2,4,3,3,4,1,0,1,1,0
