"Allan Nyom",0,0,1,2,4,11,0,0,2,1,5,9,0,1
"Ben Foster",0,0,0,0,1,0,0,0,0,0,0,1,0,2
"Chris Brunt",0,1,0,3,0,4,2,1,3,0,5,0,9,4
"Claudio Yacob",5,1,10,0,3,6,5,0,0,0,2,2,1,0
"Craig Dawson",3,1,1,2,0,2,3,0,1,0,1,1,0,3
"Darren Fletcher",2,0,9,5,4,0,1,0,0,0,4,3,1,2
"Gareth McAuley",0,1,4,2,4,3,0,0,1,0,1,0,0,0
"Hal Robson-Kanu",0,0,0,0,0,0,0,0,0,0,0,0,0,0
"Jake Livermore",3,0,1,1,0,1,0,0,0,0,0,0,1,0
"James McClean",0,0,1,0,0,0,0,0,0,0,0,0,0,0
"James Morrison",5,0,3,1,0,1,0,0,0,0,0,4,4,2
"Matt Phillips",5,1,0,0,0,2,0,0,1,0,5,0,0,0
"Nacer Chadli",0,1,3,2,0,5,1,0,1,0,2,0,0,2
"Salomón Rondón",1,0,1,4,0,0,0,0,1,0,2,2,1,0
