"Alex Iwobi",0,0,1,4,2,4,1,0,3,3,0,0,0,1
"Alex Oxlade-Chamberlain",0,0,1,0,0,3,2,0,1,4,0,0,0,0
"Alexis Sánchez",0,1,0,2,0,10,3,1,4,0,0,0,0,3
"Francis Coquelin",5,3,1,0,5,14,8,3,5,3,0,0,1,3
"Gabriel",0,0,0,6,0,12,9,5,5,0,1,1,5,2
"Granit Xhaka",5,5,5,11,9,0,3,4,11,7,2,2,2,7
"Héctor Bellerín",1,0,4,10,6,4,0,1,5,1,0,1,0,4
"Laurent Koscielny",0,0,2,2,6,7,0,0,1,12,0,0,4,1
"Mesut Özil",6,1,5,7,6,7,5,4,0,8,1,0,0,0
"Nacho Monreal",2,8,6,5,2,8,1,7,9,0,0,1,0,1
"Olivier Giroud",1,0,0,0,0,1,0,0,0,1,0,0,0,0
"Petr Cech",0,0,0,0,1,1,0,1,0,0,0,0,2,0
"Shkodran Mustafi",0,0,1,1,4,1,0,3,1,0,0,3,0,2
"Theo Walcott",0,0,5,3,2,1,1,0,7,0,0,0,0,0
