"César Azpilicueta",0,13,2,1,1,2,0,0,4,0,2,2,7,1
"Cesc Fàbregas",6,0,7,3,4,2,7,0,6,0,0,0,1,1
"David Luiz",4,0,0,1,4,3,4,0,1,0,0,3,0,0
"Diego Costa",1,1,1,0,0,0,1,0,0,0,1,0,1,0
"Eden Hazard",2,6,0,5,0,0,3,0,4,1,0,0,1,0
"Gary Cahill",2,1,0,0,6,0,7,0,4,0,0,3,0,0
"Marcos Alonso",0,4,2,1,7,6,0,0,2,0,0,0,0,0
"Michy Batshuayi",0,0,0,0,0,0,0,0,0,0,0,0,0,0
"N'Golo Kanté",2,3,0,1,3,4,3,1,0,0,1,0,4,1
"Nathaniel Chalobah",0,0,0,0,2,0,0,0,0,0,0,0,1,0
"Pedro",1,1,0,0,1,0,1,0,1,0,0,0,3,0
"Thibaut Courtois",5,0,2,0,1,0,1,0,0,0,0,0,0,0
"Victor Moses",8,2,1,1,2,1,0,0,2,0,2,0,0,1
"Willian",2,0,2,1,1,0,0,0,0,0,0,0,0,0
