"Cédric Soares",0,5,0,2,17,3,2,1,2,1,0,3,2,5
"Dusan Tadic",2,0,0,2,0,0,0,1,1,2,5,0,0,1
"Fraser Forster",1,0,0,1,1,0,0,0,0,0,1,0,0,0
"Jack Stephens",10,1,3,0,0,0,0,1,0,2,1,2,1,6
"James Ward-Prowse",9,1,0,3,0,0,0,1,1,1,0,0,2,7
"Jay Rodriguez",1,0,0,0,1,0,0,1,0,0,0,0,0,2
"Manolo Gabbiadini",0,1,0,0,2,0,0,0,1,0,0,0,0,0
"Maya Yoshida",1,0,2,5,1,0,1,0,3,3,7,0,0,5
"Nathan Redmond",2,4,0,0,1,0,0,0,0,6,3,2,1,1
"Oriol Romeu",6,1,0,3,2,1,0,5,3,0,10,1,2,4
"Ryan Bertrand",1,5,1,1,0,1,2,6,6,8,0,2,1,9
"Shane Long",1,1,0,0,2,0,0,1,1,0,1,0,0,3
"Sofiane Boufal",3,0,1,0,1,0,0,1,0,1,1,0,0,1
"Steven Davis",7,1,1,3,3,0,1,5,1,10,6,1,0,0
