"Adam Clayton",0,2,3,0,10,6,0,3,4,7,1,5,0
"Adama Traoré",3,0,2,0,2,0,1,0,0,3,1,0,0
"Adlène Guédioura",1,2,0,0,1,0,0,1,0,3,1,2,0
"Álvaro Negredo",5,0,0,0,2,1,0,0,1,2,0,0,0
"Antonio Barragán",6,6,0,1,0,2,1,7,0,6,2,0,3
"Ben Gibson",3,0,1,2,2,0,0,10,5,4,8,4,1
"Cristhian Stuani",0,0,0,0,1,0,0,0,0,1,0,0,0
"Daniel Ayala",5,0,0,0,7,13,0,0,0,2,3,0,2
"James Husband",0,0,0,0,1,4,0,2,0,1,1,12,1
"Marten de Roon",7,5,2,3,0,8,0,5,1,0,0,4,0
"Rudy Gestede",4,0,0,2,1,3,0,0,0,2,0,0,0
"Stewart Downing",7,0,3,0,1,5,1,2,9,5,3,0,3
"Víctor Valdés",1,0,1,1,0,1,0,1,2,0,0,0,0
