"Abel Hernández",0,0,0,0,0,0,0,0,0,0,0,0,0,1
"Ahmed Elmohamady",0,0,0,1,1,6,7,2,4,3,0,0,0,2
"Curtis Davies",0,0,0,2,0,5,4,1,3,1,0,2,1,0
"David Marshall",0,0,0,0,0,0,2,1,1,0,0,0,0,0
"Dieumerci Mbokani",0,0,0,0,0,0,1,1,0,1,1,1,0,0
"Harry Maguire",0,7,3,1,1,0,4,0,5,2,0,1,0,1
"Jake Livermore",0,8,2,1,1,2,0,3,2,3,2,7,0,0
"Markus Henriksen",0,3,0,0,1,1,4,0,0,1,1,3,0,0
"Michael Dawson",0,1,3,2,1,6,4,0,0,1,1,1,0,0
"Robert Snodgrass",0,3,0,0,0,2,3,1,3,0,2,0,2,0
"Ryan Mason",0,1,2,0,1,0,1,2,1,0,0,3,1,1
"Sam Clucas",0,1,4,2,0,3,2,4,0,1,8,0,0,3
"Tom Huddlestone",0,0,0,0,1,0,0,0,1,1,0,0,0,0
"Will Keane",0,1,0,0,0,0,1,0,0,0,1,2,0,0
