"Ahmed Musa",0,0,0,0,0,1,0,0,0,0,0,0,1,0
"Andy King",0,0,5,2,3,0,5,0,0,3,1,2,1,1
"Christian Fuchs",1,2,0,2,0,1,2,1,2,1,8,1,0,2
"Daniel Amartey",1,5,4,0,5,0,4,0,1,0,0,4,0,2
"Danny Simpson",1,1,1,1,0,2,6,0,1,2,0,4,0,3
"Demarai Gray",0,1,1,1,3,0,0,0,0,0,0,0,0,0
"Islam Slimani",0,5,1,7,1,0,0,0,0,0,3,7,0,0
"Jamie Vardy",0,0,0,0,0,0,1,0,0,0,1,0,0,0
"Kasper Schmeichel",0,0,0,0,2,0,1,0,0,3,1,1,0,1
"Leonardo Ulloa",0,0,0,0,2,1,0,0,0,0,0,0,1,0
"Marc Albrighton",0,2,3,3,1,0,3,1,0,0,0,3,1,0
"Riyad Mahrez",0,3,1,5,3,0,2,0,0,0,5,0,0,0
"Robert Huth",0,0,5,0,0,0,1,0,1,0,1,0,0,0
"Wes Morgan",1,1,3,1,1,1,2,0,1,0,0,0,1,0
