"Abdoulaye Doucouré",0,10,0,6,6,1,9,3,5,10,1,1,1,1
"Adrian Mariappa",7,0,0,2,8,11,9,2,0,1,0,4,3,0
"Christian Kabasele",0,0,0,1,1,0,0,0,0,0,0,0,0,0
"Daryl Janmaat",7,1,1,0,1,0,0,2,2,5,0,0,3,0
"Etienne Capoue",6,2,0,0,0,1,0,2,1,2,0,3,3,0
"Heurelho Gomes",1,1,2,0,0,0,0,0,1,1,0,1,3,0
"José Holebas",9,13,0,0,5,0,0,5,0,1,1,6,3,1
"M'Baye Niang",2,1,0,2,3,0,5,0,0,1,0,4,2,0
"Nordin Amrabat",3,0,0,6,0,0,0,0,0,4,0,0,1,0
"Sebastian Prödl",7,11,0,0,0,0,2,3,1,0,0,2,1,0
"Stefano Okaka",1,0,0,0,0,0,0,0,0,0,0,0,1,0
"Tom Cleverley",8,1,0,0,2,0,4,3,2,2,0,0,3,0
"Troy Deeney",4,0,0,0,3,1,1,3,0,0,0,2,0,0
"Valon Behrami",0,0,0,0,0,0,0,0,0,0,0,0,0,0
