"Ben Davies",0,5,8,6,3,1,5,1,3,1,3,1,8,2
"Christian Eriksen",4,0,2,6,4,1,1,2,5,0,2,6,2,1
"Dele Alli",2,7,0,0,2,0,3,2,1,1,1,1,5,1
"Eric Dier",7,9,3,0,1,1,7,0,4,2,2,5,5,1
"Harry Kane",1,1,1,1,0,0,0,1,1,0,0,1,3,0
"Hugo Lloris",0,0,0,5,0,0,4,0,1,0,0,10,0,0
"Jan Vertonghen",11,3,2,10,0,3,0,0,1,0,0,16,5,0
"Kieran Trippier",1,2,0,1,2,1,0,0,0,2,0,1,0,2
"Kyle Walker",3,5,1,8,3,2,1,0,0,0,7,6,2,0
"Mousa Dembélé",2,2,2,1,0,0,0,2,0,0,1,0,0,1
"Son Heung-Min",4,1,4,2,0,0,1,1,5,2,0,0,2,0
"Toby Alderweireld",5,5,0,4,1,5,18,1,9,2,2,0,8,0
"Victor Wanyama",2,2,6,4,0,1,7,0,5,1,2,4,0,0
"Vincent Janssen",1,2,1,0,1,1,0,0,0,1,0,0,0,0
