"Abdoulaye Doucouré",0,0,0,0,1,0,6,7,0,6,2,4,4,2
"Christian Kabasele",0,0,0,1,1,0,0,0,0,0,1,2,3,2
"Craig Cathcart",0,0,0,0,0,0,0,0,0,0,0,0,1,0
"Daryl Janmaat",0,1,0,0,2,0,1,0,0,0,0,0,0,1
"Etienne Capoue",4,2,1,1,0,0,0,1,0,2,0,1,3,2
"Heurelho Gomes",0,0,0,0,1,0,0,0,0,0,0,0,0,0
"José Holebas",7,0,0,0,0,0,0,6,0,2,2,1,2,0
"Miguel Britos",5,0,1,0,2,0,3,0,0,2,1,2,3,0
"Odion Ighalo",0,0,0,0,0,0,0,0,0,0,0,2,0,0
"Sebastian Prödl",0,1,0,0,3,2,0,3,0,0,0,2,0,5
"Stefano Okaka",0,0,0,0,0,0,2,0,0,0,0,0,1,0
"Tom Cleverley",1,1,0,0,7,0,3,0,1,2,0,0,2,2
"Troy Deeney",2,1,0,1,2,0,3,0,1,2,2,2,0,0
"Younes Kaboul",1,3,0,3,3,2,0,0,0,1,0,2,3,0
