"Allan Nyom",0,1,4,0,0,0,0,1,2,2,0,5,1,0
"Ben Foster",0,0,0,0,1,0,1,1,0,1,0,1,0,0
"Chris Brunt",2,0,0,1,0,2,0,1,4,0,1,0,1,0
"Claudio Yacob",1,0,1,0,1,0,1,0,0,0,1,1,0,1
"Craig Dawson",0,0,0,0,0,2,0,1,3,2,1,1,5,2
"Darren Fletcher",0,0,1,0,4,0,0,1,2,0,1,1,4,0
"Gareth McAuley",1,0,0,0,3,1,0,0,0,0,0,1,0,0
"Hal Robson-Kanu",0,0,2,0,0,1,0,0,3,1,0,0,2,0
"Jake Livermore",4,0,1,1,1,2,1,0,0,3,0,2,1,1
"James McClean",5,0,0,0,0,0,0,0,1,0,0,0,1,0
"James Morrison",1,0,1,1,0,1,0,0,1,0,0,0,0,1
"Jonny Evans",1,5,4,0,1,1,0,0,1,2,0,0,0,1
"Nacer Chadli",0,0,1,0,2,2,0,1,2,0,0,0,0,0
"Salomón Rondón",0,0,2,1,0,0,0,0,0,0,1,1,0,0
