"Bruno Martins Indi",0,5,1,0,1,3,2,1,3,0,1,0,2,0
"Erik Pieters",3,0,6,1,0,2,3,4,4,0,1,2,1,0
"Giannelli Imbula",2,3,0,1,3,4,4,0,0,0,0,3,1,1
"Glen Johnson",0,0,3,0,0,0,4,4,2,4,2,0,4,0
"Glenn Whelan",0,1,1,4,0,0,1,2,1,1,0,0,3,0
"Ibrahim Afellay",1,2,3,1,0,0,4,0,0,0,0,0,3,0
"Joe Allen",2,1,5,3,1,4,0,2,1,3,1,0,1,0
"Jonathan Walters",0,0,1,2,0,1,4,0,0,1,4,0,0,0
"Lee Grant",1,0,0,1,1,0,0,1,0,2,5,0,0,2
"Mame Biram Diouf",0,1,1,2,3,0,1,6,1,0,0,0,0,0
"Peter Crouch",0,2,1,3,4,0,3,0,0,3,0,0,1,0
"Ramadan Sobhi",0,3,1,0,0,0,0,0,0,0,1,0,0,0
"Ryan Shawcross",4,1,1,3,0,1,0,1,4,2,1,0,0,0
"Wilfried Bony",0,0,1,0,0,1,0,0,0,0,0,0,0,0
