"Alberto Moreno",0,0,0,0,0,0,0,0,0,0,1,2,0,0
"Dejan Lovren",0,0,3,8,7,14,2,21,0,1,7,2,3,0
"Divock Origi",0,2,0,4,2,2,1,1,0,0,0,1,0,0
"Emre Can",2,12,2,0,4,5,5,12,0,8,7,7,0,0
"Georginio Wijnaldum",0,4,1,2,0,9,2,3,1,2,3,3,1,0
"James Milner",0,7,2,2,7,0,0,3,0,0,14,3,0,0
"Joel Matip",1,9,0,10,0,0,0,16,1,6,2,3,6,1
"Lucas Leiva",0,18,1,19,5,5,23,0,1,5,3,3,1,0
"Marko Grujic",0,0,0,0,0,0,0,2,0,0,1,0,0,0
"Nathaniel Clyne",0,2,2,6,3,0,10,8,0,0,1,7,3,1
"Philippe Coutinho",0,4,1,8,4,3,1,6,2,2,0,3,0,0
"Roberto Firmino",1,0,0,5,1,1,2,5,0,8,9,0,1,0
"Simon Mignolet",0,4,0,5,1,1,2,3,0,1,0,0,0,0
"Trent Alexander-Arnold",0,0,0,0,2,0,0,2,1,0,0,0,1,0
