"Ben Davies",0,3,4,0,6,2,10,0,4,5,3,2,7,8
"Christian Eriksen",1,0,4,0,4,2,3,5,2,2,1,5,7,3
"Dele Alli",6,4,0,0,4,0,2,1,1,4,2,0,6,5
"Eric Dier",0,1,0,0,0,0,3,3,2,0,0,0,3,0
"Erik Lamela",5,4,5,0,0,0,3,3,1,0,0,2,11,3
"Hugo Lloris",1,2,0,1,0,0,4,1,0,0,0,3,3,0
"Jan Vertonghen",13,7,2,3,1,5,0,1,1,2,0,22,4,0
"Kyle Walker",2,5,2,1,4,2,3,0,4,1,0,6,7,3
"Mousa Dembélé",6,1,3,2,0,0,3,1,0,0,1,0,6,1
"Moussa Sissoko",4,2,2,1,0,0,3,2,0,0,0,2,2,1
"Son Heung-Min",2,2,3,0,0,0,0,0,0,0,0,0,1,2
"Toby Alderweireld",3,4,2,0,5,5,13,10,0,2,0,0,4,0
"Victor Wanyama",9,8,3,1,7,0,14,7,6,3,2,10,0,1
"Vincent Janssen",4,4,4,0,6,0,2,2,1,1,1,0,0,0
