"Alex Iwobi",0,7,11,1,1,1,0,9,0,10,0,10,0,3
"Alexis Sánchez",8,0,6,4,0,0,0,18,0,3,0,14,2,1
"Francis Coquelin",9,15,0,8,6,6,0,7,2,9,0,18,5,7
"Granit Xhaka",5,3,5,0,4,4,0,10,3,3,0,0,2,1
"Héctor Bellerín",0,2,12,2,0,0,0,10,5,0,0,10,11,7
"Laurent Koscielny",4,1,3,3,1,0,0,3,0,9,3,4,11,0
"Lucas Pérez",0,0,1,1,0,0,0,0,0,0,0,0,0,0
"Mesut Özil",6,17,12,11,8,3,1,0,2,9,0,18,1,5
"Mohamed Elneny",0,0,2,3,1,1,0,5,0,2,0,0,1,1
"Nacho Monreal",15,5,8,6,1,4,0,8,1,0,0,5,2,0
"Petr Cech",0,0,0,0,0,3,0,0,0,1,0,1,3,0
"Santiago Cazorla",9,16,13,0,8,5,0,26,0,3,0,0,4,5
"Shkodran Mustafi",1,0,6,4,5,7,1,3,1,0,3,10,0,9
"Theo Walcott",2,0,9,0,15,0,0,2,1,0,0,3,2,0
