"Adlène Guédioura",0,0,0,0,2,0,0,0,0,0,0,0,0
"Etienne Capoue",0,0,0,0,8,7,3,2,6,2,0,1,5
"Heurelho Gomes",0,1,0,0,2,0,0,0,1,0,1,0,1
"Isaac Success",0,1,0,0,1,0,0,0,0,0,1,0,1
"José Holebas",1,8,0,4,0,0,0,6,3,1,1,5,5
"Juan Zuñiga",0,4,0,1,1,0,4,0,8,0,4,4,5
"Nordin Amrabat",0,2,0,0,2,3,0,0,6,0,0,1,0
"Odion Ighalo",0,7,0,0,0,1,0,0,2,1,2,1,0
"Roberto Pereyra",1,3,2,0,3,8,8,1,0,2,2,3,1
"Sebastian Prödl",0,1,0,0,0,4,1,0,2,0,2,0,2
"Troy Deeney",0,1,1,0,1,1,1,2,2,1,0,0,1
"Valon Behrami",1,5,0,0,5,2,2,1,3,3,1,0,1
"Younes Kaboul",1,2,3,0,7,1,0,0,0,4,1,0,0
