"Adam Smith",0,0,2,0,1,0,3,0,4,3,0,0,12,0
"Andrew Surman",1,0,2,1,3,1,3,1,0,1,0,0,4,5
"Artur Boruc",1,0,0,0,1,0,0,0,0,0,1,0,5,5
"Callum Wilson",0,2,0,0,0,0,0,1,0,0,0,0,0,0
"Charlie Daniels",0,4,0,0,0,3,3,0,0,1,5,2,0,9
"Dan Gosling",2,2,0,0,2,0,1,0,0,1,0,1,1,1
"Harry Arter",0,3,2,0,4,0,0,1,0,2,2,0,1,3
"Jack Wilshere",0,2,0,0,0,0,3,0,2,1,1,0,0,0
"Jordon Ibe",0,1,0,0,1,0,0,1,0,0,0,0,0,1
"Joshua King",1,1,0,0,1,1,2,2,0,0,1,1,1,0
"Junior Stanislas",0,1,0,0,4,0,2,1,0,2,0,0,0,1
"Max Gradel",0,0,0,0,0,2,0,0,0,0,0,0,0,0
"Simon Francis",11,4,7,0,0,2,3,0,2,0,0,0,0,2
"Steve Cook",4,1,3,0,7,3,2,0,0,0,3,0,7,0
