"Allan Nyom",0,0,5,1,1,0,1,3,2,1,0,1,2,1
"Ben Foster",0,0,0,1,0,1,0,0,0,0,5,2,0,0
"Chris Brunt",2,0,0,3,3,0,2,1,0,3,4,2,5,1
"Craig Dawson",0,2,2,0,8,0,2,1,0,1,4,2,3,1
"Darren Fletcher",2,0,9,1,0,1,1,4,0,1,4,3,6,0
"Gareth McAuley",1,1,0,0,2,0,2,1,1,0,2,0,0,0
"Hal Robson-Kanu",0,0,1,1,2,0,0,3,0,1,1,2,0,0
"Jake Livermore",1,0,1,2,3,1,0,0,0,0,3,0,0,0
"James McClean",0,0,0,0,1,0,0,0,0,0,1,0,1,0
"James Morrison",2,0,3,1,2,0,0,0,0,0,2,1,3,2
"Jonny Evans",2,3,3,5,9,3,0,4,0,5,0,0,1,2
"Matt Phillips",0,0,3,0,0,0,2,0,0,1,0,0,1,1
"Nacer Chadli",2,0,5,1,4,0,0,1,1,6,1,0,0,2
"Salomón Rondón",0,0,0,1,0,0,0,0,0,1,1,0,2,0
