"Bruno Martins Indi",0,3,12,8,0,1,0,3,0,1,1,0,1,0
"Charlie Adam",4,0,3,7,3,2,0,0,0,1,1,2,4,0
"Erik Pieters",2,2,0,11,1,9,0,2,2,10,3,1,1,1
"Glenn Whelan",10,17,6,0,5,15,1,0,3,10,1,5,7,0
"Ibrahim Afellay",0,4,1,8,0,4,0,0,0,0,2,5,2,0
"Joe Allen",2,1,8,8,3,0,1,1,3,6,1,6,2,1
"Julien Ngoy",0,0,0,2,0,1,0,0,0,0,0,2,0,0
"Lee Grant",3,0,0,4,0,0,0,0,0,0,1,2,1,0
"Mame Biram Diouf",0,0,0,3,0,1,2,0,0,0,0,2,0,0
"Marko Arnautovic",2,2,7,11,1,6,0,0,0,0,0,0,0,0
"Peter Crouch",0,1,0,0,4,2,0,0,0,2,0,3,0,0
"Phil Bardsley",2,2,0,11,4,3,1,2,4,2,6,0,2,0
"Ryan Shawcross",0,5,0,4,1,1,1,5,0,2,1,4,0,0
"Saido Berahino",0,0,0,2,0,0,0,0,0,0,0,1,0,0
