"Federico Fernández",0,1,2,12,0,6,0,14,3,3,6,1,1,4
"Fernando Llorente",0,0,2,5,1,1,0,2,1,0,2,0,0,4
"Gylfi Sigurdsson",0,1,0,5,0,2,3,6,2,0,6,0,1,0
"Jack Cork",8,2,6,0,0,7,4,15,7,0,3,2,10,2
"Jefferson Montero",0,0,1,1,0,1,0,0,1,0,0,0,0,0
"Jordi Amat",13,1,2,7,1,0,2,2,13,2,0,0,10,1
"Ki Sung-yueng",0,3,1,4,2,1,0,0,0,0,1,0,3,0
"Kyle Naughton",9,7,8,11,0,3,0,0,6,1,16,0,2,2
"Leroy Fer",5,2,5,7,0,12,0,4,0,0,0,0,5,3
"Lukasz Fabianski",1,0,0,2,0,1,0,2,0,0,0,0,1,0
"Modou Barrow",1,3,4,4,0,0,0,9,1,0,0,0,1,2
"Nathan Dyer",0,0,0,0,0,0,0,2,0,0,0,0,0,0
"Stephen Kingsley",1,4,1,4,0,9,4,1,7,1,0,0,0,2
"Wayne Routledge",4,1,2,3,0,2,0,1,1,0,2,0,1,0
