"Cédric Soares",0,2,0,6,0,3,4,5,3,10,0,0,0,0
"Charlie Austin",0,0,0,0,0,0,1,1,0,1,3,0,1,1
"Cuco Martina",0,0,0,0,0,0,1,0,0,1,1,0,0,0
"Dusan Tadic",2,1,0,0,0,0,1,0,1,1,5,0,6,0
"Fraser Forster",0,1,0,0,0,0,1,0,0,0,2,0,1,1
"James Ward-Prowse",3,0,0,0,0,0,0,0,0,2,0,0,0,0
"José Fonte",3,0,1,0,3,0,0,1,7,15,0,0,4,12
"Nathan Redmond",4,1,0,2,0,1,2,0,0,6,0,1,3,1
"Oriol Romeu",3,1,0,1,0,0,9,1,0,6,5,1,7,3
"Pierre-Emile Højbjerg",17,0,1,3,1,1,7,6,11,0,6,0,4,2
"Ryan Bertrand",0,4,0,6,1,0,1,1,3,1,0,2,7,8
"Shane Long",0,0,0,0,0,0,0,0,2,0,0,0,2,0
"Steven Davis",0,1,0,7,2,1,7,6,4,3,10,0,0,6
"Virgil van Dijk",0,0,0,1,3,0,12,0,7,3,2,0,10,0
