"Adnan Januzaj",0,4,0,2,5,0,0,0,4,0,0,1,0,0
"Didier Ndong",1,0,3,7,4,0,1,2,8,0,1,3,1,0
"Duncan Watmore",3,3,0,2,1,1,0,0,1,0,0,2,0,0
"Jan Kirchhoff",3,5,1,0,2,1,1,2,2,0,8,3,0,0
"Javier Manquillo",7,2,2,7,0,1,0,1,3,0,1,0,0,0
"Jermain Defoe",1,2,1,0,0,0,0,0,2,0,0,1,1,0
"Jordan Pickford",2,0,1,1,2,0,0,4,1,1,0,0,0,0
"Lamine Koné",2,0,0,1,1,1,8,0,3,0,2,0,0,0
"Lee Cattermole",0,3,1,5,7,0,1,4,0,0,6,4,0,0
"Paddy McNair",0,0,0,0,0,0,0,0,0,0,0,0,0,0
"Papy Djilobodji",0,2,0,3,1,0,1,1,5,1,0,6,2,0
"Patrick van Aanholt",0,4,2,2,0,0,1,2,2,0,1,0,4,0
"Steven Pienaar",0,0,0,0,0,1,0,0,2,0,0,1,0,0
"Victor Anichebe",0,1,0,0,0,0,0,0,0,0,0,0,0,0
