"Allan Nyom",0,0,0,0,3,4,1,0,2,5,0,1,0,2
"Ben Foster",0,0,1,0,1,0,0,1,0,0,0,0,0,2
"Chris Brunt",0,1,0,1,0,1,2,0,3,2,1,0,0,4
"Claudio Yacob",0,0,1,0,3,0,1,1,1,0,1,0,0,0
"Craig Dawson",1,1,0,0,0,1,2,0,6,0,1,0,0,0
"Darren Fletcher",1,0,1,1,0,0,0,0,2,5,0,0,2,1
"Gareth McAuley",0,0,1,0,0,0,0,0,3,0,1,1,0,1
"Hal Robson-Kanu",2,0,1,0,0,1,0,0,2,0,0,0,0,0
"Jake Livermore",1,3,1,2,1,4,1,1,0,4,2,1,0,3
"James Morrison",4,0,4,0,0,2,0,1,3,0,0,2,0,4
"Jonny Evans",0,2,0,2,1,0,3,0,0,3,0,0,0,0
"Matt Phillips",2,0,0,0,0,0,0,0,1,1,0,0,0,0
"Nacer Chadli",0,0,2,0,0,0,0,0,0,0,0,1,0,0
"Salomón Rondón",1,0,2,1,0,3,0,0,1,1,1,1,0,0
