"Adrián",0,0,5,1,0,0,0,0,0,1,0,1,0,0
"André Ayew",0,0,0,0,1,0,0,0,0,0,0,2,0,0
"Andy Carroll",0,0,0,1,3,1,0,0,1,0,2,0,1,0
"Arthur Masuaku",3,0,1,0,1,1,6,1,6,0,5,0,0,10
"Cheikhou Kouyaté",0,0,2,2,0,0,2,0,3,1,1,1,0,1
"Dimitri Payet",1,0,1,0,0,0,0,1,0,0,3,0,0,1
"Enner Valencia",1,2,1,4,0,0,0,0,1,1,2,0,0,0
"Gökhan Töre",0,0,0,1,0,1,0,0,0,1,0,2,0,0
"Håvard Nordtveit",0,2,1,1,2,0,0,1,0,0,7,1,0,5
"James Collins",1,1,2,0,3,0,0,0,3,0,2,2,0,7
"Mark Noble",1,0,3,6,3,2,0,1,3,6,0,3,0,7
"Michail Antonio",2,2,1,0,0,0,0,0,4,2,3,0,0,0
"Sam Byram",1,0,0,0,0,0,0,1,1,1,0,0,0,0
"Winston Reid",2,0,2,12,4,1,2,0,2,5,3,0,1,0
