"Ben Davies",0,6,2,0,0,4,0,8,4,0,0,0,3,1
"Dele Alli",5,0,3,3,0,0,1,5,8,6,6,3,10,1
"Eric Dier",6,3,0,1,0,0,5,9,8,3,2,13,6,0
"Filip Lesniak",0,2,2,0,0,0,0,0,0,0,0,0,0,1
"Georges-Kévin Nkoudou",0,0,1,0,0,0,0,0,0,0,0,0,2,0
"Harry Kane",2,0,0,0,0,0,0,3,2,2,0,0,2,1
"Hugo Lloris",1,0,3,0,0,1,0,7,0,0,1,5,0,1
"Jan Vertonghen",7,6,11,0,0,4,3,0,9,2,2,1,6,0
"Mousa Dembélé",3,9,7,0,0,2,0,4,0,5,4,6,9,0
"Moussa Sissoko",0,5,6,0,0,4,4,3,5,0,3,11,7,1
"Son Heung-Min",0,5,1,0,0,1,0,2,1,3,0,1,1,0
"Toby Alderweireld",0,8,10,0,1,0,3,0,6,15,2,0,2,0
"Victor Wanyama",4,8,4,0,1,2,3,9,5,5,2,8,0,1
"Vincent Janssen",0,2,1,1,0,0,0,0,0,0,0,1,0,0
