"Aaron Cresswell",0,0,2,7,0,1,0,6,0,4,2,0,7,0
"André Ayew",0,0,0,0,1,0,0,1,0,0,1,0,0,0
"Andy Carroll",3,2,0,1,0,0,0,3,0,1,2,2,0,0
"Angelo Ogbonna",8,0,0,0,0,2,5,4,0,2,3,0,0,7
"Ashley Fletcher",0,0,0,0,0,0,0,0,0,0,0,0,0,0
"Cheikhou Kouyaté",0,0,1,1,0,0,1,0,0,3,5,8,4,8
"Darren Randolph",0,0,9,3,0,1,0,0,0,0,1,0,0,2
"Dimitri Payet",5,0,1,2,0,0,1,0,0,8,5,1,3,1
"Håvard Nordtveit",1,0,0,0,0,0,0,0,0,0,0,0,0,0
"Manuel Lanzini",4,0,3,2,0,3,0,7,0,0,4,1,7,0
"Mark Noble",3,1,1,1,0,2,0,1,0,6,0,6,3,4
"Michail Antonio",0,0,1,2,0,7,0,2,0,5,5,0,4,0
"Pedro Obiang",7,0,4,1,0,3,1,7,0,4,5,4,0,4
"Winston Reid",1,0,2,8,0,7,7,1,0,2,0,0,2,0
