"Aaron Ramsey",0,7,1,10,1,3,10,5,6,0,8,5,1,12
"Alex Iwobi",6,0,1,5,3,0,4,4,2,0,2,1,1,3
"Alex Oxlade-Chamberlain",3,1,0,0,0,0,3,7,2,0,0,1,0,2
"Alexis Sánchez",7,6,1,0,2,1,8,5,1,1,3,2,0,2
"Francis Coquelin",2,1,0,1,0,0,2,3,1,0,1,0,0,1
"Gabriel",5,0,1,1,0,0,5,0,0,1,0,1,1,3
"Granit Xhaka",12,6,2,7,1,4,0,10,1,0,7,1,2,6
"Héctor Bellerín",6,3,5,1,1,1,13,0,0,1,1,1,0,5
"Laurent Koscielny",6,1,0,3,1,0,3,1,0,0,3,1,1,10
"Lucas Pérez",1,0,0,3,0,0,0,1,0,0,0,0,0,0
"Nacho Monreal",3,0,1,15,1,1,4,0,2,1,0,1,1,4
"Olivier Giroud",6,4,1,3,0,0,0,1,0,0,1,0,0,0
"Petr Cech",0,0,0,1,0,1,1,0,1,0,0,1,0,5
"Shkodran Mustafi",6,3,5,0,1,3,6,7,9,2,1,3,8,0
