"Ademola Lookman",0,0,0,0,0,0,0,2,0,2,0,0,0,0
"Ashley Williams",1,0,0,0,0,3,1,11,0,3,7,2,1,2
"Enner Valencia",0,0,0,0,0,1,0,1,3,5,1,2,2,6
"Gareth Barry",0,1,0,0,0,0,0,0,0,0,2,0,0,0
"Idrissa Gueye",0,0,0,0,0,0,2,2,3,6,4,2,6,3
"Joel Robles",0,3,0,0,0,0,1,0,1,0,0,1,1,1
"Kevin Mirallas",0,0,2,0,4,0,0,4,0,2,0,4,7,3
"Leighton Baines",2,5,0,0,1,1,8,0,1,14,1,1,10,6
"Mason Holgate",0,0,4,0,6,1,2,2,0,2,5,1,5,1
"Morgan Schneiderlin",1,14,2,0,2,2,2,13,5,0,3,0,8,5
"Phil Jagielka",0,3,2,2,3,3,1,0,4,4,0,3,4,4
"Romelu Lukaku",0,0,1,0,3,0,1,5,3,1,0,0,5,2
"Ross Barkley",0,0,5,1,6,0,5,4,10,7,3,4,0,8
"Tom Davies",0,4,3,0,3,0,5,5,4,6,6,2,5,0
