"Andy King",0,3,3,2,2,2,1,1,0,2,0,0,1,0
"Ben Chilwell",2,0,5,2,0,3,0,3,0,3,0,0,1,0
"Daniel Amartey",4,6,0,6,7,4,1,0,0,5,0,3,3,0
"Daniel Drinkwater",1,2,3,0,6,0,2,0,0,2,0,1,0,3
"Danny Simpson",2,0,3,6,0,2,2,2,2,1,1,2,3,2
"Demarai Gray",2,2,0,0,4,0,2,0,0,4,1,0,1,0
"Islam Slimani",1,0,4,4,2,0,0,0,1,2,0,0,0,0
"Kasper Schmeichel",0,1,0,0,0,1,1,0,0,1,0,0,0,0
"Leonardo Ulloa",0,1,0,2,1,0,0,0,0,0,1,0,0,0
"Marc Albrighton",2,1,1,3,1,2,6,0,0,0,1,0,1,1
"Marcin Wasilewski",0,0,5,1,3,1,0,0,0,0,0,1,1,1
"Riyad Mahrez",0,1,4,2,1,0,0,0,2,0,0,0,0,0
"Shinji Okazaki",1,0,2,0,1,1,1,0,0,0,0,0,0,0
"Wes Morgan",0,1,2,2,2,1,1,2,0,2,1,0,0,0
