"Adnan Januzaj",0,1,0,1,0,0,0,0,0,0,0,0,1,0
"Billy Jones",1,0,0,1,0,1,2,1,3,1,0,4,2,2
"Bryan Oviedo",0,0,0,0,7,4,1,0,2,0,3,1,0,6
"Darron Gibson",1,1,0,0,0,0,0,0,0,0,1,0,0,0
"Didier Ndong",0,3,4,0,0,2,4,1,0,0,1,1,1,6
"Fabio Borini",1,0,6,0,2,0,5,1,2,1,2,9,1,4
"Javier Manquillo",0,2,0,0,5,7,0,2,0,0,1,2,0,0
"Jermain Defoe",0,1,1,0,2,3,1,0,0,0,1,1,1,0
"John O'Shea",0,5,0,0,1,1,0,1,0,4,2,2,1,1
"Jordan Pickford",0,0,0,0,2,3,0,1,1,0,0,1,1,0
"Lamine Koné",0,0,3,1,0,0,0,1,6,4,0,2,0,2
"Lee Cattermole",0,4,0,0,1,2,3,1,2,2,3,0,0,3
"Lynden Gooch",0,1,0,0,2,1,0,0,0,0,1,0,0,1
"Sebastian Larsson",0,1,6,0,4,4,0,0,1,2,5,3,0,0
