"Alfie Mawson",0,0,10,3,6,4,1,3,2,1,2,0,2,0
"Angel Rangel",0,0,0,3,0,1,0,2,0,0,0,0,0,1
"Federico Fernández",8,0,0,3,0,5,3,2,7,1,1,0,0,6
"Fernando Llorente",1,1,1,0,5,5,4,4,3,2,1,1,3,3
"Gylfi Sigurdsson",2,0,0,4,0,2,2,2,1,2,0,0,4,0
"Jack Cork",1,1,8,4,2,0,6,3,4,2,0,1,3,1
"Jay Fulton",5,0,5,3,1,2,0,3,0,0,1,0,5,2
"Ki Sung-yueng",3,3,3,5,3,4,1,0,5,2,1,0,4,1
"Kyle Naughton",2,0,4,6,3,5,1,6,0,2,0,1,0,7
"Leroy Fer",1,0,2,0,1,2,0,0,5,0,0,2,0,0
"Lukasz Fabianski",0,1,1,3,0,0,0,0,2,0,0,0,0,0
"Nathan Dyer",1,0,0,0,0,0,0,1,0,3,0,0,0,0
"Neil Taylor",3,0,1,6,5,3,5,6,1,0,1,0,0,1
"Wayne Routledge",0,0,2,3,2,4,0,2,8,1,0,0,0,0
