"Adam Clayton",0,4,1,0,4,4,2,3,0,0,3,0,0,1
"Adam Forshaw",3,0,0,0,5,3,2,8,2,0,0,0,0,1
"Adama Traoré",1,1,0,0,3,1,0,0,0,0,3,0,0,1
"Álvaro Negredo",1,3,1,0,1,2,0,0,0,0,2,0,0,0
"Antonio Barragán",3,9,6,3,0,1,5,3,3,0,8,0,0,0
"Ben Gibson",1,4,1,1,1,0,10,6,1,1,3,2,7,2
"Calum Chambers",2,1,0,0,11,6,0,0,1,0,3,0,3,0
"Fabio",5,1,0,1,1,6,2,0,2,0,3,3,1,5
"Grant Leadbitter",0,1,0,0,3,1,0,0,0,0,4,0,1,0
"Jordan Rhodes",0,0,1,0,0,0,1,0,0,0,0,0,0,0
"Marten de Roon",2,2,4,0,6,6,7,3,1,0,0,1,1,1
"Stewart Downing",0,0,0,0,0,1,0,2,0,0,1,0,1,0
"Víctor Valdés",2,0,0,1,1,4,1,1,0,0,0,0,0,0
"Viktor Fischer",2,1,0,0,0,3,0,3,0,0,3,0,0,0
