"Bruno Martins Indi",0,1,3,0,2,0,3,0,3,2,1,1,0
"Charlie Adam",1,0,3,1,2,0,2,0,0,1,2,0,0
"Erik Pieters",1,1,0,0,1,0,3,0,4,7,1,1,0
"Glen Johnson",1,2,1,0,3,1,1,1,0,1,4,1,3
"Glenn Whelan",5,2,2,3,0,2,4,0,1,1,0,3,2
"Ibrahim Afellay",0,0,2,1,0,0,1,0,0,3,0,0,1
"Joe Allen",1,4,3,1,2,0,0,1,0,4,2,0,2
"Julien Ngoy",0,0,0,0,0,0,0,0,0,0,1,0,0
"Lee Grant",1,0,0,0,0,0,0,0,0,0,7,1,0
"Marko Arnautovic",3,3,7,0,0,3,3,0,0,0,1,0,2
"Peter Crouch",0,2,0,2,2,2,1,0,0,4,0,0,3
"Ryan Shawcross",1,1,0,1,5,1,0,0,0,0,1,0,1
"Xherdan Shaqiri",0,3,1,3,0,2,0,0,0,1,0,1,0
