"Adam Smith",0,0,0,3,15,2,0,1,1,0,11,3,1
"Artur Boruc",0,0,0,0,0,1,0,0,0,0,0,0,0
"Benik Afobe",0,0,0,1,3,2,0,0,0,2,1,0,0
"Charlie Daniels",0,0,1,0,10,7,0,2,0,8,0,1,7
"Dan Gosling",8,0,1,5,0,9,0,4,1,3,3,1,1
"Harry Arter",1,0,0,8,5,0,1,1,0,1,2,5,5
"Jack Wilshere",0,0,0,0,1,1,0,2,0,1,0,0,0
"Joshua King",4,0,1,1,2,1,2,0,0,1,1,1,0
"Lys Mousset",0,0,0,0,0,0,0,0,0,0,0,0,0
"Marc Pugh",1,0,0,11,2,3,0,2,0,0,0,0,1
"Ryan Fraser",6,0,0,0,3,3,0,1,0,2,0,2,0
"Simon Francis",7,0,2,0,2,3,0,2,0,0,2,0,2
"Steve Cook",5,2,0,9,1,1,0,0,0,1,1,3,0
