"Aleksandar Kolarov",0,1,3,2,0,1,4,0,1,2,0,0,2
"David Silva",2,0,7,8,4,7,8,5,2,3,1,3,0
"Fernandinho",1,12,0,6,5,8,7,6,9,6,2,2,0
"Gaël Clichy",5,14,7,0,5,3,4,7,2,0,6,1,2
"John Stones",0,2,8,1,0,7,11,0,6,2,0,2,5
"Kevin De Bruyne",2,6,5,3,2,0,0,6,9,5,2,2,0
"Nicolás Otamendi",2,6,11,9,9,4,0,2,6,2,0,1,4
"Nolito",0,7,3,6,0,4,1,0,2,0,0,3,0
"Pablo Zabaleta",0,3,6,1,11,8,7,1,0,10,0,5,4
"Raheem Sterling",0,2,4,1,1,6,1,0,10,0,0,4,0
"Samir Nasri",1,2,3,2,0,0,0,0,0,1,0,1,0
"Sergio Agüero",1,5,1,3,0,4,2,2,1,0,0,0,0
"Willy Caballero",2,0,2,0,4,0,6,0,1,1,0,0,0
