"Alfie Mawson",0,9,1,0,1,0,0,0,3,0,0,3,2,9
"Federico Fernández",6,0,0,0,0,3,7,4,3,1,0,2,1,1
"Fernando Llorente",0,0,0,6,0,2,3,0,1,0,0,0,1,2
"Gylfi Sigurdsson",0,0,1,0,1,5,3,0,3,0,0,0,4,7
"Jack Cork",0,1,0,0,0,0,0,0,0,2,0,0,2,3
"Jordan Ayew",0,4,1,4,0,0,5,0,2,1,0,0,2,2
"Ki Sung-yueng",5,3,0,2,0,2,0,6,7,0,0,0,0,6
"Kyle Naughton",2,4,3,0,0,1,8,0,3,3,2,1,0,1
"Leon Britton",4,3,3,3,0,2,5,3,0,0,0,0,3,7
"Leroy Fer",0,0,0,1,0,0,0,2,1,0,0,0,1,2
"Luciano Narsingh",0,0,0,0,0,0,0,0,0,1,0,0,0,0
"Lukasz Fabianski",0,0,2,0,0,0,0,1,0,0,0,0,0,0
"Martin Olsson",2,0,6,2,3,0,1,0,1,0,0,1,0,5
"Tom Carroll",6,3,2,6,1,2,2,3,9,1,0,0,8,0
