"César Azpilicueta",0,13,2,1,4,1,22,2,6,0,5,1,1,5
"David Luiz",13,0,1,1,14,3,3,0,4,0,1,0,3,0
"Diego Costa",0,1,0,7,1,1,3,0,2,1,3,0,0,1
"Eden Hazard",1,0,8,0,0,3,6,0,3,0,1,0,0,6
"Gary Cahill",3,15,1,3,0,9,3,1,9,0,0,0,1,1
"Marcos Alonso",0,2,2,6,8,0,3,0,6,0,2,0,0,1
"N'Golo Kanté",18,5,5,3,7,4,0,1,11,1,4,0,0,10
"Nathaniel Chalobah",1,1,1,1,0,0,0,0,0,0,0,0,0,2
"Nemanja Matic",6,3,3,9,9,3,8,1,0,1,1,2,0,2
"Ola Aina",0,0,0,0,0,0,2,0,0,0,0,1,0,0
"Pedro",2,1,1,2,0,0,4,0,2,0,0,0,0,4
"Ruben Loftus-Cheek",0,0,0,0,0,0,2,0,2,0,0,0,0,0
"Thibaut Courtois",0,1,0,1,0,1,0,0,1,0,0,0,0,0
"Victor Moses",11,1,2,4,3,1,11,1,3,0,3,0,0,0
