"Allan Nyom",0,4,0,6,1,1,4,0,0,3,3,2,4,2
"Ben Foster",1,0,2,1,2,0,1,0,1,0,0,3,0,3
"Chris Brunt",3,3,0,5,9,0,5,2,1,0,10,2,0,2
"Claudio Yacob",2,2,4,0,3,1,5,9,0,0,1,6,0,0
"Craig Dawson",3,2,4,1,0,0,3,5,1,0,4,2,0,1
"Craig Gardner",0,0,0,0,0,0,1,0,0,0,0,0,0,0
"Darren Fletcher",2,1,4,3,4,0,0,1,0,0,6,1,2,1
"Gareth McAuley",3,2,7,2,2,0,3,0,0,0,2,0,3,0
"Hal Robson-Kanu",0,0,1,0,0,0,0,0,0,1,0,0,0,0
"James McClean",3,0,1,1,0,0,0,0,0,0,0,0,0,0
"James Morrison",7,0,12,4,3,0,4,2,0,0,0,0,5,3
"Jonny Evans",1,3,0,5,2,0,1,1,0,0,4,0,0,0
"Matt Phillips",4,0,1,1,0,0,1,0,0,0,4,1,0,3
"Salomón Rondón",1,0,1,0,0,0,3,0,0,0,1,0,5,0
