"Adam Smith",0,1,1,0,2,0,2,5,2,0,3,12,2,1
"Artur Boruc",0,0,0,0,0,0,0,0,0,0,4,0,2,0
"Benik Afobe",0,0,0,0,0,0,2,3,0,0,0,0,0,0
"Callum Wilson",0,0,0,0,0,0,1,0,1,1,0,0,0,0
"Charlie Daniels",2,0,1,0,0,0,10,5,2,15,12,1,2,0
"Dan Gosling",0,0,0,0,2,0,0,0,0,1,0,1,0,0
"Harry Arter",4,1,2,1,11,0,0,6,3,5,13,6,8,0
"Jack Wilshere",4,0,2,0,5,0,7,0,1,1,3,13,4,0
"Joshua King",0,0,1,1,0,0,0,3,0,1,1,1,0,0
"Marc Pugh",0,0,1,2,11,0,7,1,0,0,1,2,0,0
"Nathan Aké",0,5,0,0,12,0,17,3,1,4,0,1,18,0
"Simon Francis",19,1,0,0,1,1,9,12,1,0,2,0,11,0
"Steve Cook",4,1,0,0,2,0,3,6,0,0,16,18,0,0
"Tyrone Mings",0,0,0,0,0,1,0,1,0,0,0,0,0,0
