"Andre Gray",0,0,0,0,0,0,2,0,0,2,0,0,1,0
"Ben Mee",0,0,1,1,0,2,1,5,0,1,0,12,7,3
"Dean Marney",1,4,0,3,0,1,14,5,2,0,0,2,13,1
"George Boyd",0,0,2,0,2,1,3,0,0,0,0,0,0,0
"Jeff Hendrick",0,0,0,0,0,0,1,0,0,0,2,2,0,0
"Johann Berg Gudmundsson",2,1,5,0,0,0,3,0,0,2,0,2,3,0
"Matthew Lowton",0,1,15,2,0,3,0,5,1,1,0,0,4,1
"Michael Keane",3,8,4,1,0,0,5,0,0,1,0,0,3,4
"Patrick Bamford",0,0,2,1,0,0,0,0,0,0,0,0,0,0
"Sam Vokes",2,0,2,1,0,4,0,1,0,0,0,0,1,0
"Scott Arfield",0,1,0,0,0,0,1,0,0,0,0,0,0,0
"Stephen Ward",0,5,3,0,3,7,0,1,0,2,0,0,15,0
"Steven Defour",1,5,15,1,0,6,4,8,0,2,0,5,0,1
"Tom Heaton",0,5,0,0,0,0,0,4,0,2,0,1,0,0
