"Adam Smith",0,6,1,0,1,4,0,6,2,0,2,11,0
"Andrew Surman",5,0,0,0,0,1,0,0,0,0,1,4,2
"Artur Boruc",0,0,0,2,1,0,0,0,0,0,0,2,1
"Benik Afobe",0,1,0,0,0,1,0,1,3,1,2,0,0
"Charlie Daniels",0,3,1,2,0,15,2,1,1,11,0,1,8
"Dan Gosling",4,2,0,2,10,0,1,0,0,5,1,1,5
"Harry Arter",1,0,0,0,5,2,0,0,0,3,1,2,2
"Jack Wilshere",3,0,0,0,0,0,2,0,0,0,2,0,0
"Joshua King",2,1,0,0,1,1,0,0,0,0,1,0,0
"Marc Pugh",0,0,0,1,8,5,2,0,1,0,1,1,1
"Ryan Fraser",0,1,0,1,0,2,3,2,0,0,0,1,1
"Simon Francis",4,3,2,0,0,1,3,0,2,0,1,0,7
"Steve Cook",2,0,3,1,13,1,2,0,0,0,0,5,0
