"Ademola Lookman",0,0,3,5,0,0,4,0,4,2,1,1,1,1
"Ashley Williams",0,0,4,2,4,0,0,1,3,7,3,2,12,0
"Gareth Barry",5,5,0,1,0,1,6,0,8,5,1,5,2,1
"James McCarthy",2,4,3,0,0,0,6,0,1,1,0,3,6,0
"Joel Robles",0,2,0,0,0,0,0,0,0,3,3,0,0,0
"Kevin Mirallas",0,0,0,0,0,0,1,0,4,2,0,0,0,1
"Leighton Baines",5,0,7,1,0,0,0,0,10,7,1,0,0,0
"Mason Holgate",0,0,0,0,0,0,0,0,1,1,0,0,1,2
"Morgan Schneiderlin",3,7,13,5,1,3,5,0,0,2,7,5,4,2
"Ramiro Funes Mori",0,5,3,1,6,1,5,0,9,0,2,2,0,3
"Romelu Lukaku",4,0,1,1,0,0,2,0,2,1,0,3,3,1
"Ross Barkley",0,2,2,6,0,1,0,1,3,3,6,0,5,2
"Seamus Coleman",0,12,4,5,2,0,0,2,1,0,0,6,0,0
"Tom Davies",0,1,0,0,0,1,1,0,2,2,1,2,1,0
