"Adama Diomande",0,0,1,0,0,0,2,1,1,0,0,1,3,1
"Ahmed El Mohamady",1,0,0,2,2,3,7,0,2,14,6,0,1,5
"Andrew Robertson",1,0,0,1,2,0,7,2,1,1,0,5,6,5
"Curtis Davies",0,0,7,0,5,0,0,1,0,7,1,1,3,1
"David Marshall",0,1,0,0,0,0,0,0,0,3,0,0,0,0
"David Meyler",1,2,1,0,0,0,0,0,0,1,0,0,0,0
"Jake Livermore",0,6,6,0,0,0,0,0,2,6,6,5,3,0
"Jarrod Bowen",0,0,2,1,0,0,0,0,0,0,2,0,2,0
"Markus Henriksen",0,2,2,0,0,0,0,0,0,2,2,0,0,1
"Michael Dawson",3,9,3,8,1,0,5,2,1,0,1,0,3,3
"Robert Snodgrass",0,7,1,0,0,1,2,1,1,3,0,2,1,2
"Ryan Mason",0,0,1,2,0,0,4,0,2,1,0,0,3,0
"Sam Clucas",0,4,8,4,1,1,5,2,0,0,1,0,0,2
"Tom Huddlestone",0,2,1,4,0,1,0,2,1,4,1,0,2,0
