"Adam Smith",0,0,1,0,14,10,2,2,0,0,0,9,14,1
"Artur Boruc",0,0,0,0,0,2,0,0,0,2,0,0,0,2
"Benik Afobe",2,0,0,0,3,6,0,0,0,1,0,0,0,1
"Charlie Daniels",0,0,0,0,14,8,1,2,1,12,2,1,0,8
"Harry Arter",16,0,2,22,0,10,2,6,0,3,0,1,13,11
"Jack Wilshere",5,0,2,9,23,0,0,2,0,6,0,4,6,4
"Jordon Ibe",1,0,1,0,3,0,0,0,1,0,0,0,0,0
"Joshua King",1,0,1,1,6,3,1,0,0,2,0,3,2,0
"Lys Mousset",0,0,0,0,1,0,0,0,0,0,0,0,1,0
"Marc Pugh",1,0,1,10,5,9,0,0,0,0,0,0,0,2
"Max Gradel",0,0,0,1,1,0,0,0,1,0,0,0,0,0
"Ryan Fraser",4,0,1,1,4,6,0,0,0,1,0,0,1,1
"Simon Francis",18,6,0,1,6,8,0,1,0,0,0,1,0,13
"Steve Cook",1,1,0,10,9,5,1,1,0,1,0,3,8,0
