"Anthony Martial",0,0,0,0,0,0,0,0,0,0,0,1,0
"Antonio Valencia",0,0,0,0,0,8,2,1,0,1,5,3,0
"Ashley Young",0,0,0,0,2,0,11,3,0,0,6,4,5
"Chris Smalling",0,0,0,0,5,1,1,0,0,0,0,1,0
"David de Gea",0,0,0,1,0,1,0,0,1,0,4,0,0
"Eric Bailly",0,12,0,0,2,0,1,3,0,1,1,5,0
"Jesse Lingard",0,4,7,0,0,1,0,6,0,6,3,2,0
"Juan Mata",0,4,5,1,0,1,5,0,0,0,4,4,1
"Marcos Rojo",0,0,0,0,0,0,0,0,0,0,0,1,0
"Marcus Rashford",0,1,1,0,0,0,1,2,0,0,0,0,0
"Marouane Fellaini",0,1,6,0,0,1,6,6,0,1,0,8,1
"Michael Carrick",0,1,3,2,1,5,5,3,1,0,3,0,5
"Phil Jones",0,1,2,0,3,0,1,2,0,0,1,3,0
