"Christian Fuchs",0,1,5,0,4,0,1,2,1,5,0,4,3,1
"Daniel Amartey",4,0,7,4,0,2,1,1,0,3,3,4,0,3
"Daniel Drinkwater",5,9,0,6,0,2,4,1,0,4,1,7,1,7
"Danny Simpson",0,2,6,0,0,3,1,2,1,0,5,0,1,3
"Demarai Gray",2,0,1,0,0,0,0,0,0,0,0,1,1,0
"Islam Slimani",1,1,5,0,0,0,2,0,0,0,0,0,0,0
"Jamie Vardy",0,0,3,1,0,0,0,0,0,1,3,0,0,0
"Kasper Schmeichel",2,1,0,0,0,1,0,0,1,0,2,0,1,0
"Leonardo Ulloa",0,0,1,0,0,0,0,0,0,0,0,0,0,0
"Marc Albrighton",5,2,4,0,0,0,1,1,0,0,1,0,0,0
"Riyad Mahrez",1,5,2,3,0,1,0,0,0,1,0,1,3,2
"Robert Huth",5,2,5,0,1,2,0,6,0,3,0,0,0,4
"Shinji Okazaki",0,0,0,2,1,0,0,0,1,0,2,0,0,0
"Wes Morgan",1,3,11,0,0,0,0,2,0,0,3,4,1,0
