"Ander Herrera",0,14,0,10,6,2,9,7,8,0,6,6,1,3
"Antonio Valencia",13,0,5,2,0,3,6,5,16,1,1,9,0,7
"Ashley Young",0,3,0,0,0,0,0,0,0,0,1,1,0,1
"Chris Smalling",8,0,0,0,15,1,15,0,3,0,4,3,0,2
"Daley Blind",4,0,0,3,0,2,0,4,10,7,5,13,1,11
"David de Gea",0,0,0,2,2,0,0,0,0,0,0,2,0,3
"Eric Bailly",10,13,0,15,1,2,0,2,1,0,1,3,0,2
"Jesse Lingard",4,6,0,1,5,0,1,0,6,2,0,8,0,3
"Juan Mata",9,11,0,3,3,2,6,4,0,7,0,5,0,7
"Marcus Rashford",1,1,0,0,7,0,0,1,3,0,0,6,0,2
"Michael Carrick",4,0,1,4,1,1,3,0,0,0,0,8,2,3
"Paul Pogba",10,7,1,6,9,0,4,9,8,5,5,0,2,11
"Wayne Rooney",2,1,0,1,1,0,1,0,0,0,1,2,0,2
"Zlatan Ibrahimovic",1,6,0,1,5,1,3,2,8,2,1,16,4,0
