"Anthony Martial",0,1,0,0,0,0,1,3,0,3,5,3,2
"Antonio Valencia",0,0,3,1,6,4,12,0,0,25,5,1,4
"Daley Blind",4,1,0,4,4,3,0,6,0,12,11,4,3
"David de Gea",0,1,3,0,2,0,0,0,0,0,0,0,0
"Eric Bailly",0,8,11,1,0,1,5,2,0,3,2,1,2
"Henrikh Mkhitaryan",0,2,1,0,0,0,1,3,2,1,4,1,4
"Juan Mata",1,7,1,1,1,0,0,7,0,6,3,5,2
"Luke Shaw",7,1,3,1,0,3,1,0,4,2,19,12,2
"Marcus Rashford",0,1,0,0,1,2,0,2,0,0,0,0,1
"Marouane Fellaini",2,17,2,0,6,4,7,11,0,0,17,9,3
"Paul Pogba",6,7,3,0,3,1,2,15,1,12,0,7,12
"Wayne Rooney",2,4,4,1,1,2,4,3,2,7,7,0,3
"Zlatan Ibrahimovic",3,2,1,0,0,3,0,2,0,1,8,5,0
