"Andre Gray",0,0,0,0,0,0,0,2,0,3,0,1,0
"Ben Mee",0,0,0,0,0,0,2,0,14,3,1,6,5
"David Jones",0,4,0,3,1,0,0,2,0,0,4,9,0
"Dean Marney",1,2,4,0,1,1,0,4,6,1,2,0,1
"George Boyd",1,0,1,2,0,0,0,3,0,0,1,1,0
"Johann Berg Gudmundsson",1,1,0,0,0,0,1,1,1,1,0,1,1
"Lukas Jutkiewicz",0,0,0,0,1,2,0,0,0,1,0,1,0
"Matthew Lowton",1,2,1,3,1,0,0,0,6,2,0,0,3
"Michael Keane",0,6,2,3,3,3,0,6,0,3,0,0,6
"Sam Vokes",2,0,2,4,1,0,0,0,0,0,2,1,0
"Scott Arfield",2,1,1,1,4,0,0,0,0,0,0,1,0
"Stephen Ward",2,9,8,2,1,0,1,0,0,6,3,0,3
"Tom Heaton",1,2,0,1,0,0,0,1,4,8,0,0,0
