"César Azpilicueta",0,0,19,2,4,1,1,13,9,6,1,3,0
"Cesc Fàbregas",0,0,0,1,0,0,0,0,0,1,0,0,0
"David Luiz",19,0,0,2,2,20,0,2,1,0,1,6,0
"Diego Costa",0,0,1,0,4,1,1,6,2,1,0,4,1
"Eden Hazard",1,0,1,4,0,1,11,3,7,3,0,3,0
"Gary Cahill",4,0,20,3,2,0,12,0,7,3,0,1,0
"Marcos Alonso",0,0,3,4,5,11,0,2,9,2,0,1,0
"N'Golo Kanté",11,1,3,2,5,6,0,0,8,7,1,6,0
"Nemanja Matic",6,0,7,2,10,11,6,4,0,2,0,4,0
"Pedro",3,1,0,3,6,1,0,6,4,0,0,3,0
"Thibaut Courtois",0,0,0,0,0,0,1,0,0,0,0,0,0
"Victor Moses",10,0,1,2,3,1,0,9,1,7,1,0,0
"Willian",0,0,0,0,0,0,0,0,0,0,0,0,0
