"Ashley Williams",0,0,5,0,2,4,4,8,14,3,2,3,5,6
"Dominic Calvert-Lewin",0,0,0,0,0,0,0,0,0,1,0,0,0,0
"Gareth Barry",10,0,0,0,0,5,2,14,4,5,5,17,7,4
"Idrissa Gueye",0,0,1,0,0,0,0,2,1,3,0,2,0,1
"Joel Robles",6,0,0,0,0,0,1,0,0,0,0,0,0,2
"Kevin Mirallas",1,0,6,0,0,0,0,8,0,1,2,5,3,0
"Leighton Baines",4,0,1,0,0,2,0,5,0,0,0,1,1,2
"Morgan Schneiderlin",7,0,17,1,1,7,3,0,12,4,0,9,5,4
"Phil Jagielka",10,0,5,0,13,0,0,9,0,1,2,2,7,1
"Ramiro Funes Mori",6,0,4,1,2,1,1,3,0,0,0,0,0,2
"Romelu Lukaku",1,0,2,1,0,2,0,2,0,0,0,4,1,1
"Ross Barkley",2,0,15,1,1,5,0,8,2,0,4,0,9,4
"Seamus Coleman",1,0,8,0,3,0,0,5,13,0,2,9,0,2
"Tom Davies",2,0,2,2,0,2,0,4,1,1,1,8,2,0
