"César Azpilicueta",0,4,2,4,5,3,0,1,13,2,5,6,6,0
"Cesc Fàbregas",1,0,3,2,0,1,1,2,5,2,0,0,3,2
"David Luiz",6,1,0,0,0,8,2,0,1,0,2,2,1,0
"Diego Costa",1,1,1,0,6,0,1,0,3,2,0,0,5,1
"Eden Hazard",3,0,0,9,0,1,5,0,4,4,13,1,10,0
"Gary Cahill",3,0,3,0,2,0,15,0,5,2,0,4,3,0
"Marcos Alonso",0,1,0,4,11,7,0,1,5,10,2,1,0,1
"Michy Batshuayi",0,0,0,0,0,0,0,0,0,1,0,0,0,3
"N'Golo Kanté",8,5,2,2,9,5,3,0,0,6,4,0,9,2
"Nemanja Matic",3,3,3,1,11,6,8,0,3,0,1,0,1,1
"Pedro",3,0,0,3,4,2,2,0,4,4,0,0,3,0
"Thibaut Courtois",6,1,0,0,0,1,2,0,0,1,0,0,0,0
"Victor Moses",14,4,3,1,10,0,0,0,10,2,6,0,0,0
"Willian",0,1,1,0,0,0,0,0,1,2,0,0,1,0
