"Bruno Martins Indi",0,0,8,3,1,1,1,1,5,1,0,4,0,1
"Charlie Adam",1,0,5,2,1,0,0,0,1,2,0,1,0,1
"Erik Pieters",1,5,0,3,0,2,6,1,2,10,2,1,3,0
"Geoff Cameron",4,2,1,0,6,2,1,1,1,0,1,0,2,5
"Glen Johnson",1,1,4,6,0,2,1,2,1,0,0,3,2,5
"Glenn Whelan",2,0,1,1,3,0,0,0,0,1,0,0,0,3
"Joe Allen",1,0,4,1,2,0,0,0,1,2,0,3,0,0
"Jonathan Walters",0,0,1,1,0,0,1,0,0,2,0,0,3,0
"Lee Grant",0,0,1,1,0,1,0,3,0,0,0,2,0,0
"Marko Arnautovic",1,2,6,0,0,0,2,1,0,0,0,0,0,2
"Ramadan Sobhi",0,0,1,0,1,0,0,0,0,0,0,0,0,1
"Ryan Shawcross",2,3,0,3,6,1,2,3,2,1,0,0,0,1
"Saido Berahino",0,4,1,1,0,1,0,0,0,2,1,0,0,3
"Xherdan Shaqiri",1,1,2,6,6,1,1,3,0,0,0,0,1,0
