"Angel Rangel",0,0,7,2,0,2,1,5,0,1,2,0,0,1
"Borja Bastón",0,0,0,0,0,0,0,0,0,0,0,0,0,0
"Federico Fernández",5,1,0,1,1,10,1,14,4,5,4,3,0,1
"Gylfi Sigurdsson",1,0,0,0,3,3,3,4,3,2,0,2,1,4
"Jack Cork",0,0,4,3,0,7,0,5,3,3,2,0,4,3
"Jordi Amat",0,0,5,7,3,0,3,1,4,6,2,1,5,3
"Ki Sung-yueng",4,0,2,1,0,2,0,3,0,2,0,0,3,0
"Kyle Naughton",4,0,11,1,9,0,3,0,7,8,3,9,2,0
"Leon Britton",0,0,6,4,3,3,0,5,0,4,1,4,1,0
"Leroy Fer",1,1,3,2,7,2,2,11,3,0,0,2,2,2
"Lukasz Fabianski",0,0,1,0,0,1,0,1,0,2,0,0,1,1
"Modou Barrow",0,0,1,2,0,0,0,4,3,4,0,0,0,0
"Neil Taylor",1,0,0,4,2,4,3,0,2,4,1,0,0,4
"Wayne Routledge",0,0,1,5,1,4,0,0,0,1,0,0,2,0
