"Adam Clayton",0,1,0,3,1,0,2,3,0,4,0,0,1,0
"Adam Forshaw",2,0,1,0,0,1,2,3,0,1,1,0,2,0
"Adama Traoré",1,2,0,1,0,0,0,4,0,0,2,0,1,0
"Adlène Guédioura",1,0,0,0,0,1,1,0,1,3,2,1,0,0
"Álvaro Negredo",0,2,0,0,0,1,1,2,0,1,3,0,1,0
"Ben Gibson",1,1,0,2,1,0,3,0,1,6,0,0,0,5
"Bernardo Espinosa",3,0,1,0,0,2,0,3,0,1,2,0,0,3
"Calum Chambers",3,4,4,1,3,1,3,0,0,0,6,1,1,0
"Cristhian Stuani",1,0,0,1,0,1,0,1,0,2,1,0,0,0
"Fabio",1,1,1,2,1,2,0,0,4,0,1,1,3,1
"Marten de Roon",2,1,2,0,2,3,1,1,1,3,0,0,2,0
"Patrick Bamford",1,0,0,2,1,0,0,0,0,0,0,0,0,0
"Stewart Downing",1,2,0,0,0,3,0,1,0,2,1,0,0,0
"Víctor Valdés",0,0,0,0,1,1,0,3,0,0,0,1,0,0
