"Bacary Sagna",0,3,3,5,0,5,5,0,1,0,1,0,0
"David Silva",2,0,9,0,6,2,7,3,2,4,3,0,1
"Fernandinho",2,7,0,1,2,9,4,2,2,4,2,0,5
"Fernando",2,0,0,0,2,2,2,0,5,0,0,0,0
"Gaël Clichy",0,4,0,1,0,4,13,5,15,1,7,1,6
"John Stones",8,4,10,2,6,0,3,0,12,3,0,6,7
"Kevin De Bruyne",8,10,1,1,7,3,0,6,4,4,0,1,3
"Leroy Sané",0,2,1,0,10,1,3,0,0,0,1,0,3
"Nicolás Otamendi",1,3,7,3,13,9,6,1,0,2,4,4,7
"Raheem Sterling",0,7,2,0,4,2,0,0,1,0,0,1,2
"Sergio Agüero",2,3,0,0,0,0,3,3,1,2,0,0,1
"Willy Caballero",0,0,1,0,1,5,1,0,4,0,0,0,1
"Yaya Touré",0,1,4,0,6,6,10,3,3,3,0,0,0
