"Ben Davies",0,3,6,6,0,1,9,0,0,7,0,9,3,0
"Christian Eriksen",1,0,3,7,1,0,2,0,2,4,1,3,4,2
"Dele Alli",7,4,0,4,0,0,6,0,1,5,1,8,0,2
"Eric Dier",2,12,10,0,0,0,11,0,8,6,2,3,7,0
"Harry Kane",0,0,1,0,0,0,0,0,1,0,2,0,0,0
"Hugo Lloris",1,0,1,2,1,0,6,0,1,0,0,0,2,0
"Jan Vertonghen",8,3,5,14,2,2,0,0,1,6,0,3,12,2
"Josh Onomah",0,0,0,0,0,0,0,0,0,0,1,0,0,0
"Kieran Trippier",1,2,0,6,1,5,4,0,0,5,0,1,3,1
"Mousa Dembélé",12,7,7,8,0,0,7,0,2,0,0,1,2,1
"Moussa Sissoko",0,3,0,2,0,0,1,0,3,0,0,1,1,0
"Son Heung-Min",6,0,6,0,0,0,1,0,0,7,2,0,0,0
"Toby Alderweireld",0,5,2,13,0,4,8,0,3,1,0,2,0,0
"Vincent Janssen",0,0,4,0,0,0,0,0,0,0,0,0,1,0
