"Adam Smith",0,3,0,0,0,3,4,7,3,0,1,1,2,1
"Andrew Surman",0,0,0,0,4,9,2,10,4,0,2,0,3,9
"Artur Boruc",0,4,0,0,0,1,1,1,0,0,1,1,2,1
"Benik Afobe",0,0,0,0,0,3,0,1,0,0,0,0,1,0
"Brad Smith",1,4,0,0,0,12,3,4,2,0,1,0,0,5
"Charlie Daniels",0,8,6,1,11,0,9,14,4,3,1,2,3,13
"Dan Gosling",4,4,0,1,3,4,0,5,11,0,3,2,3,4
"Harry Arter",4,8,1,1,6,18,7,0,4,1,0,4,5,2
"Jack Wilshere",2,8,0,1,1,1,5,11,0,0,1,6,5,0
"Jordon Ibe",0,0,0,0,0,1,1,0,3,0,0,0,0,0
"Joshua King",1,0,0,0,3,1,1,2,1,0,0,0,0,1
"Junior Stanislas",1,0,1,0,1,1,4,1,4,0,0,0,2,0
"Simon Francis",10,3,2,0,1,1,10,5,6,0,0,1,0,9
"Steve Cook",0,4,5,0,0,15,1,5,5,0,0,0,21,0
