"Andre Gray",0,0,0,2,1,2,1,0,0,0,0,0,0,0
"Ashley Barnes",1,0,0,0,0,1,2,0,0,0,1,0,0,0
"Ben Mee",0,1,0,2,0,3,3,3,1,0,1,3,1,1
"Dean Marney",0,1,3,0,1,0,6,0,0,0,1,2,0,0
"George Boyd",0,2,0,2,0,1,5,1,0,0,0,0,0,0
"Jeff Hendrick",0,0,5,0,3,0,3,5,0,0,3,5,2,0
"Matthew Lowton",2,4,0,3,6,2,0,6,2,1,1,1,0,0
"Michael Keane",0,1,2,2,1,4,9,0,0,0,1,1,0,2
"Michael Kightly",0,0,0,0,0,0,2,0,0,0,0,0,1,0
"Sam Vokes",0,0,0,0,0,0,0,0,0,0,0,1,0,0
"Scott Arfield",1,1,1,0,0,4,0,3,1,0,0,3,0,0
"Stephen Ward",1,3,4,2,0,6,0,0,0,0,1,0,0,3
"Steven Defour",0,0,0,0,0,1,1,0,1,1,0,1,0,0
"Tom Heaton",0,2,1,0,0,0,0,0,0,0,0,0,0,0
