"Allan Nyom",0,2,0,5,2,0,0,0,2,2,0,1,2,3
"Ben Foster",1,0,1,0,0,0,0,0,2,0,0,0,2,0
"Chris Brunt",0,1,0,3,2,1,0,1,0,0,2,0,1,0
"Claudio Yacob",2,0,0,0,1,1,0,3,1,1,2,2,1,0
"Craig Dawson",4,2,0,0,0,2,0,1,0,1,0,0,1,0
"Darren Fletcher",0,0,3,0,0,0,0,3,0,1,0,3,1,2
"Gareth McAuley",0,0,0,0,0,2,0,1,0,0,0,0,0,0
"Jake Livermore",1,0,2,1,2,3,1,0,0,2,2,0,0,2
"James McClean",0,0,0,0,0,1,0,0,0,1,0,0,3,1
"Jonny Evans",1,2,0,1,3,4,2,4,0,0,3,1,1,2
"Marc Wilson",0,0,2,0,1,0,0,0,0,4,0,1,1,0
"Nacer Chadli",0,0,2,2,0,0,0,0,0,0,0,0,0,0
"Salomón Rondón",1,0,2,0,0,1,1,3,1,0,0,2,0,1
"Sam Field",5,0,0,0,0,1,0,0,1,2,0,0,1,0
