"Cédric Soares",0,1,1,2,14,2,5,5,4,1,0,0,1,0
"Charlie Austin",1,0,1,1,1,0,4,2,1,2,0,0,0,0
"Fraser Forster",0,1,0,0,2,0,0,1,0,1,0,0,0,1
"James Ward-Prowse",6,1,1,0,6,0,2,6,1,10,0,1,5,4
"José Fonte",11,3,5,4,0,1,4,7,5,1,1,0,2,9
"Josh Sims",2,0,0,0,0,0,0,2,0,0,1,0,1,0
"Nathan Redmond",4,2,0,6,2,0,0,3,2,3,0,0,3,0
"Oriol Romeu",0,2,3,9,12,2,1,0,2,3,1,1,2,7
"Pierre-Emile Højbjerg",1,1,0,1,5,0,2,3,0,0,0,0,3,1
"Ryan Bertrand",0,0,0,9,2,1,7,0,0,0,1,0,8,2
"Sam McQueen",0,0,0,0,0,0,0,1,0,0,0,0,0,0
"Shane Long",0,0,0,0,1,0,0,3,0,0,0,0,0,0
"Sofiane Boufal",2,2,0,5,2,0,2,2,3,4,0,0,0,0
"Virgil van Dijk",1,1,0,6,5,0,0,7,2,2,0,0,3,0
