"Borja Bastón",0,0,0,1,0,0,0,0,2,0,0,1,3,0
"Fernando Llorente",1,0,0,2,0,0,1,0,0,2,1,0,0,2
"Gylfi Sigurdsson",0,1,0,6,1,1,2,1,0,0,0,0,1,1
"Jack Cork",0,2,5,0,3,0,3,9,4,0,4,1,3,2
"Jay Fulton",0,0,3,2,0,0,1,3,3,0,1,0,1,0
"Jefferson Montero",0,0,0,2,0,0,1,0,1,0,0,0,2,0
"Jordi Amat",1,0,2,3,1,1,0,0,3,8,4,0,3,0
"Kyle Naughton",1,5,4,5,1,0,1,0,1,1,4,3,0,4
"Leroy Fer",0,0,1,5,2,1,6,1,0,0,3,0,7,1
"Lukasz Fabianski",0,6,0,0,0,0,0,1,1,0,2,0,3,0
"Mike van der Hoorn",1,0,1,4,1,0,5,5,1,6,0,0,1,0
"Modou Barrow",0,0,2,0,1,0,0,1,0,0,1,0,0,0
"Neil Taylor",3,1,2,2,0,3,6,3,7,1,0,0,0,0
"Wayne Routledge",0,0,0,2,0,0,0,3,4,0,0,0,0,0
