"Christian Eriksen",0,5,3,2,7,0,2,2,7,0,2,9,0
"Danny Rose",7,0,5,0,6,1,1,1,8,0,1,2,0
"Dele Alli",7,3,0,2,1,0,2,4,2,0,1,4,0
"Eric Dier",2,1,1,0,4,6,7,6,4,2,0,5,0
"Erik Lamela",7,4,4,1,0,0,3,5,10,1,0,1,2
"Hugo Lloris",0,0,0,8,0,0,4,2,0,0,0,2,0
"Jan Vertonghen",3,9,2,9,0,6,0,0,7,1,1,5,0
"Kyle Walker",5,1,3,5,7,2,0,0,7,6,2,9,2
"Mousa Dembélé",8,7,8,4,9,2,8,3,0,0,1,9,1
"Moussa Sissoko",0,0,0,1,0,0,0,5,2,0,0,0,2
"Son Heung-Min",2,1,1,0,0,0,0,1,0,0,0,1,0
"Victor Wanyama",6,6,4,4,6,1,8,9,5,1,0,0,0
"Vincent Janssen",1,0,0,0,1,0,0,0,1,0,0,0,0
