"Branislav Ivanovic",0,1,1,1,1,0,0,0,1,1,0,0,0,0
"César Azpilicueta",0,0,3,4,2,0,3,1,28,6,2,5,6,3
"Cesc Fàbregas",1,1,0,0,2,0,0,0,2,2,0,0,0,4
"David Luiz",0,12,0,0,0,0,9,1,1,1,0,2,1,1
"Diego Costa",0,0,0,1,0,3,0,1,3,3,0,0,0,0
"Eden Hazard",0,6,0,0,4,0,0,5,5,8,1,0,1,1
"Gary Cahill",0,4,1,5,0,6,0,10,2,16,2,2,1,0
"Marcos Alonso",0,2,1,1,1,5,12,0,5,20,2,1,0,1
"N'Golo Kanté",1,15,2,5,3,5,3,1,0,17,6,1,2,3
"Nemanja Matic",0,9,3,7,3,10,9,14,9,0,1,1,4,2
"Pedro",0,1,0,2,1,3,0,1,5,1,0,0,2,0
"Thibaut Courtois",0,4,0,2,0,0,6,1,0,0,0,0,0,0
"Victor Moses",0,8,0,1,1,3,0,4,2,1,2,2,0,0
"Willian",3,1,2,1,1,1,0,0,2,1,0,0,0,0
