"Alex Iwobi",0,0,2,2,0,2,1,2,4,0,1,0,0,0
"Alex Oxlade-Chamberlain",0,0,0,0,1,1,0,0,0,0,0,0,0,0
"Alexis Sánchez",1,0,0,1,0,2,1,1,7,2,0,0,0,1
"Francis Coquelin",1,1,1,0,0,2,1,2,2,0,1,0,0,2
"Gabriel",1,0,0,1,0,5,9,3,2,1,1,0,10,1
"Granit Xhaka",3,1,1,1,5,0,3,7,6,0,3,0,2,0
"Héctor Bellerín",0,0,2,4,9,5,0,0,7,1,0,0,2,1
"Laurent Koscielny",4,0,0,0,4,4,1,0,5,2,6,0,1,0
"Mesut Özil",1,0,5,3,4,4,3,4,0,5,2,1,0,2
"Mohamed Elneny",0,0,5,0,1,1,1,4,0,0,1,0,0,0
"Nacho Monreal",6,2,1,0,1,1,0,2,4,1,0,1,2,0
"Olivier Giroud",0,0,0,0,0,1,0,0,2,1,0,0,0,0
"Petr Cech",0,0,2,0,2,0,0,0,1,0,2,1,0,1
"Theo Walcott",0,0,1,3,0,0,1,0,1,0,0,0,0,0
