"Alfie Mawson",0,0,6,3,0,2,0,8,3,2,0,3,4,4
"Borja Bastón",2,0,0,0,0,0,0,0,0,0,0,0,2,0
"Federico Fernández",5,0,0,1,2,4,1,0,5,3,0,2,1,0
"Fernando Llorente",0,0,0,0,3,1,0,0,0,4,0,0,2,0
"Gylfi Sigurdsson",1,0,1,1,0,0,0,5,1,1,1,0,0,2
"Jay Fulton",2,1,4,2,0,0,0,3,2,4,1,0,2,0
"Jordan Ayew",0,1,0,0,0,0,0,0,0,0,0,0,0,0
"Ki Sung-yueng",7,1,4,1,3,3,0,0,2,1,0,0,10,3
"Kyle Naughton",1,0,3,5,0,2,0,2,0,6,3,0,0,2
"Leroy Fer",0,1,2,3,2,2,2,3,5,0,0,0,1,0
"Luciano Narsingh",0,0,1,2,0,0,0,0,1,1,0,0,0,0
"Lukasz Fabianski",4,0,1,2,0,0,0,0,0,0,0,0,1,0
"Martin Olsson",7,2,2,2,1,4,0,13,0,0,0,1,0,8
"Tom Carroll",2,2,0,0,2,0,0,1,1,1,0,0,9,0
