"Cuco Martina",0,2,1,9,0,10,0,3,0,0,1,2,7,1
"Dusan Tadic",1,0,0,0,1,1,0,3,1,0,0,0,5,1
"Fraser Forster",1,0,0,1,0,1,0,1,2,0,1,0,0,0
"James Ward-Prowse",7,1,1,0,0,4,2,8,7,0,3,8,8,2
"Jay Rodriguez",0,0,0,2,0,0,0,0,1,0,0,1,0,0
"José Fonte",12,2,1,7,0,0,0,9,3,1,0,6,11,3
"Nathan Redmond",0,0,0,3,0,3,0,4,7,0,2,2,1,2
"Oriol Romeu",2,2,1,12,0,13,3,0,6,0,0,12,7,7
"Ryan Bertrand",1,2,1,4,1,1,9,3,0,2,0,11,6,8
"Sam McQueen",0,0,0,0,0,0,0,0,4,0,0,0,1,0
"Shane Long",1,0,0,2,0,0,2,0,1,0,0,1,0,1
"Sofiane Boufal",3,2,0,4,0,6,5,3,4,1,1,0,4,3
"Steven Davis",8,1,0,10,1,5,2,14,6,1,4,5,0,5
"Virgil van Dijk",1,0,0,0,0,10,3,3,7,0,0,4,8,0
