"Aaron Ramsey",0,3,0,1,1,3,2,0,0,0,0,0,2,0
"Alex Iwobi",3,0,7,3,2,4,4,1,5,7,0,0,5,1
"Alex Oxlade-Chamberlain",0,11,0,2,5,6,5,0,8,9,0,1,6,1
"Alexis Sánchez",0,2,4,0,3,3,2,1,7,3,2,0,1,2
"Francis Coquelin",1,4,8,2,0,4,3,0,3,5,1,0,2,1
"Gabriel",1,5,4,2,5,0,2,2,4,0,0,0,8,1
"Laurent Koscielny",4,2,6,7,7,1,0,0,5,17,0,3,14,0
"Lucas Pérez",0,1,3,0,0,0,0,0,1,0,0,0,0,0
"Mesut Özil",1,8,7,9,9,4,5,1,0,3,0,1,4,2
"Nacho Monreal",0,8,12,13,2,0,12,2,6,0,2,1,1,0
"Olivier Giroud",0,0,0,2,0,1,0,0,0,1,0,0,0,0
"Petr Cech",0,0,0,0,0,1,3,0,1,3,0,0,6,0
"Shkodran Mustafi",2,3,7,0,1,5,17,1,12,1,1,3,0,1
"Theo Walcott",0,1,1,0,0,1,0,0,2,0,0,0,2,0
