"Abdoulaye Doucouré",0,2,6,5,6,1,1,2,1,6,6,1,5,2
"Adrian Mariappa",5,0,0,0,0,2,0,3,0,9,4,0,2,1
"Christian Kabasele",6,1,0,7,0,0,0,0,0,1,2,1,0,1
"Daryl Janmaat",8,0,4,0,1,2,1,0,1,1,2,0,4,3
"Etienne Capoue",4,1,1,1,0,2,0,0,0,2,1,0,2,1
"Heurelho Gomes",0,0,3,0,0,0,0,1,1,1,0,0,0,1
"Isaac Success",0,1,1,1,0,0,0,0,0,0,0,0,0,0
"M'Baye Niang",3,2,0,0,1,0,0,0,0,3,0,0,1,1
"Miguel Britos",0,0,0,0,0,2,0,1,0,0,0,0,0,0
"Nordin Amrabat",7,8,1,1,2,1,0,2,1,0,1,0,2,1
"Sebastian Prödl",1,5,1,1,0,0,0,1,1,3,0,0,1,0
"Stefano Okaka",1,1,0,0,0,0,0,0,0,0,0,0,0,0
"Tom Cleverley",3,2,0,5,2,0,0,4,0,1,0,0,0,3
"Troy Deeney",0,1,0,2,2,0,0,2,0,0,0,0,1,0
