"Adam Lallana",0,0,7,3,0,1,5,3,8,0,0,4,0,1
"Ben Woodburn",0,0,0,0,0,0,0,0,0,0,0,0,0,0
"Daniel Sturridge",3,0,0,0,5,2,3,2,2,0,0,2,3,0
"Dejan Lovren",3,0,2,0,0,13,1,21,14,0,0,2,7,4
"Divock Origi",0,0,0,2,0,0,2,3,0,0,0,4,4,0
"Emre Can",5,0,3,14,1,0,5,12,11,0,0,8,9,3
"Georginio Wijnaldum",6,0,2,2,1,7,0,4,1,0,0,8,3,0
"James Milner",6,1,4,11,5,14,2,0,2,1,1,1,11,2
"Joel Matip",7,0,0,15,1,11,2,1,0,2,0,10,7,4
"Lucas Leiva",0,0,0,1,0,0,0,2,1,0,1,2,1,0
"Marko Grujic",0,0,0,0,1,0,1,1,0,0,0,0,0,0
"Nathaniel Clyne",6,0,4,0,2,8,9,0,10,3,0,0,1,0
"Philippe Coutinho",4,0,2,9,2,9,1,7,5,1,0,3,0,0
"Simon Mignolet",0,0,0,5,0,2,1,4,3,0,1,1,0,0
