"Adam Clayton",0,12,1,4,11,10,4,1,6,8,0,0,2
"Adam Forshaw",5,0,4,3,1,4,8,2,2,3,0,0,0
"Adama Traoré",2,3,0,0,1,4,5,2,3,3,0,0,0
"Álvaro Negredo",4,3,2,0,0,3,1,0,2,2,0,0,0
"Ben Gibson",8,2,3,3,0,10,0,0,18,2,1,0,7
"Bernardo Espinosa",7,2,4,2,17,0,10,2,3,7,0,0,3
"Calum Chambers",2,3,9,2,2,12,0,2,1,12,1,0,2
"Cristhian Stuani",6,3,1,1,0,1,1,0,1,1,0,0,0
"George Friend",6,2,3,4,7,1,1,6,0,3,0,0,0
"Marten de Roon",10,4,3,3,2,4,4,5,3,0,1,0,0
"Patrick Bamford",0,0,0,0,0,1,1,0,0,0,0,0,0
"Rudy Gestede",0,0,0,0,0,1,0,0,0,1,0,0,0
"Víctor Valdés",1,0,0,1,3,4,0,0,2,1,0,0,0
