"Adama Diomande",0,0,0,0,1,0,2,0,0,0,0,0,0,0
"Ahmed El Mohamady",0,0,6,2,0,0,0,0,0,1,0,0,0,1
"Alfred N'Diaye",1,3,0,1,3,0,1,0,2,6,3,2,3,2
"Andrea Ranocchia",0,1,3,0,1,3,0,7,0,2,4,0,0,3
"Andrew Robertson",0,0,4,3,0,0,3,15,5,1,1,2,10,8
"Eldin Jakupovic",0,0,0,1,0,0,0,3,0,0,0,1,1,0
"Evandro",1,1,3,0,0,0,0,0,0,1,0,0,3,1
"Harry Maguire",1,1,0,5,16,2,1,0,5,3,2,1,7,6
"Kamil Grosicki",0,0,2,0,8,0,0,3,0,0,0,1,4,2
"Lazar Markovic",0,1,4,0,4,1,1,1,0,0,5,0,2,6
"Omar Elabdellaoui",0,0,2,8,0,2,0,2,0,10,0,1,3,6
"Oumar Niasse",0,0,2,0,0,0,0,1,4,1,0,0,1,2
"Sam Clucas",0,0,2,1,11,2,2,8,1,3,6,0,0,1
"Tom Huddlestone",0,1,0,1,6,3,2,10,5,5,6,2,4,0
