"Adam Smith",0,4,0,0,0,0,2,5,6,2,11,0,10,2
"Andrew Surman",4,0,0,0,1,5,0,11,2,6,2,0,6,5
"Artur Boruc",0,0,0,0,0,0,0,0,0,0,0,0,1,1
"Benik Afobe",0,0,0,0,0,0,0,0,0,0,0,0,0,0
"Callum Wilson",0,0,0,0,0,0,0,0,2,0,3,0,0,0
"Charlie Daniels",0,7,0,0,1,0,2,6,2,11,0,3,0,4
"Dan Gosling",1,0,0,0,0,1,0,0,0,0,1,3,0,0
"Harry Arter",6,6,0,1,1,7,0,0,1,3,5,0,7,1
"Jack Wilshere",3,7,0,0,2,1,0,3,0,2,3,0,3,0
"Jordon Ibe",0,4,0,0,1,9,0,7,1,0,0,0,1,1
"Junior Stanislas",5,5,1,0,2,1,0,3,3,0,0,0,1,0
"Max Gradel",0,0,0,0,1,2,2,0,0,0,1,0,0,0
"Simon Francis",11,7,1,0,2,0,0,3,3,1,1,0,0,1
"Steve Cook",1,3,3,0,0,8,0,1,1,1,1,0,3,0
