"Bojan",0,0,3,1,0,0,0,1,0,0,1,0,0
"Bruno Martins Indi",1,0,1,3,0,3,1,3,1,0,3,3,0
"Charlie Adam",1,1,0,1,0,0,0,1,0,0,0,0,2
"Erik Pieters",1,3,1,0,0,5,0,6,0,6,1,1,2
"Geoff Cameron",3,1,0,1,0,1,8,3,4,1,1,0,0
"Giannelli Imbula",0,3,0,9,3,0,2,2,0,3,3,0,1
"Glenn Whelan",0,3,0,2,5,6,0,0,0,2,3,1,1
"Joe Allen",2,1,1,4,2,3,2,0,0,2,1,0,3
"Jonathan Walters",1,0,0,0,1,0,0,2,0,0,0,0,3
"Marko Arnautovic",0,0,0,1,0,3,0,1,0,0,1,0,2
"Ryan Shawcross",0,2,0,0,3,3,4,0,3,1,0,1,2
"Shay Given",0,0,0,1,0,0,2,0,2,0,1,0,1
"Wilfried Bony",2,0,0,1,0,5,1,2,2,2,1,0,0
