"Ahmed Musa",0,0,1,0,0,0,0,0,0,0,0,0,0
"Andy King",0,0,1,2,0,1,0,0,0,1,0,1,3
"Christian Fuchs",0,2,0,2,1,4,0,3,0,0,0,1,6
"Daniel Drinkwater",1,1,2,0,3,0,2,1,5,1,0,4,4
"Danny Simpson",0,0,0,2,0,2,4,1,4,0,2,3,1
"Demarai Gray",0,1,3,2,0,0,1,0,0,1,0,0,1
"Jamie Vardy",0,1,1,3,2,1,0,0,3,0,0,0,3
"Kasper Schmeichel",0,1,0,1,1,1,0,0,0,0,0,0,0
"Riyad Mahrez",0,1,0,4,6,0,0,0,0,0,0,0,0
"Robert Huth",0,0,3,2,2,1,0,1,1,0,0,1,2
"Shinji Okazaki",0,0,0,0,0,0,2,0,0,0,0,0,2
"Wes Morgan",0,0,0,1,0,0,2,4,2,0,1,0,4
"Wilfred Ndidi",0,1,5,2,3,1,2,0,3,0,1,1,0
