"Adam Federici",0,2,0,0,0,0,0,1,0,0,2,0,1
"Benik Afobe",0,0,0,0,1,0,3,1,0,0,0,0,0
"Callum Wilson",0,0,0,0,0,0,2,0,0,0,0,1,0
"Charlie Daniels",0,0,0,0,4,4,3,0,5,0,1,0,0
"Dan Gosling",1,1,0,3,0,3,2,4,4,0,1,3,3
"Harry Arter",0,0,1,1,5,0,9,2,4,1,2,5,4
"Jack Wilshere",0,2,1,4,4,11,0,1,4,0,2,2,1
"Joshua King",0,0,1,0,2,3,2,0,3,0,0,3,4
"Junior Stanislas",0,1,1,8,3,4,1,1,0,0,1,0,1
"Marc Pugh",0,1,0,0,0,0,0,0,0,0,0,0,0
"Nathan Aké",0,0,0,1,3,5,4,0,2,0,0,0,4
"Simon Francis",0,1,1,1,6,3,6,1,0,0,0,0,5
"Steve Cook",4,0,0,0,1,4,1,4,1,0,4,1,0
