"Aaron Ramsey",0,0,0,0,0,2,2,2,1,2,0,0,3,1
"Alex Iwobi",0,0,0,1,4,7,0,0,5,5,0,0,1,1
"Alex Oxlade-Chamberlain",1,0,0,0,0,0,0,0,0,0,0,0,0,0
"Alexis Sánchez",0,1,0,0,0,6,2,0,6,4,0,0,0,2
"Francis Coquelin",0,4,0,1,0,6,3,0,2,4,0,0,0,1
"Granit Xhaka",2,4,3,2,2,0,3,3,2,8,0,0,1,0
"Héctor Bellerín",2,0,0,0,7,1,0,2,7,1,1,0,2,5
"Laurent Koscielny",3,4,0,3,0,3,0,0,5,3,1,2,4,0
"Mesut Özil",3,1,0,10,1,0,6,1,0,5,0,0,1,1
"Nacho Monreal",0,16,0,9,1,1,1,4,5,0,0,0,0,1
"Olivier Giroud",0,0,1,0,0,0,0,0,2,1,0,0,0,0
"Petr Cech",0,0,0,0,0,0,2,0,0,0,0,0,1,0
"Shkodran Mustafi",3,0,0,0,1,2,1,0,2,0,1,5,0,3
"Theo Walcott",0,1,0,1,2,0,2,0,1,0,0,0,0,0
