"Angel Rangel",0,0,0,0,0,0,0,0,0,0,0,0,0,0
"Federico Fernández",0,0,6,0,2,0,1,6,1,1,2,1,0,2
"Fernando Llorente",0,0,0,2,3,0,0,1,6,4,0,2,1,3
"Gylfi Sigurdsson",0,0,0,0,0,0,0,1,0,1,0,0,1,3
"Jack Cork",0,3,3,1,0,0,2,11,2,2,0,1,3,8
"Jefferson Montero",0,0,0,0,0,0,0,0,0,0,0,0,3,0
"Jordi Amat",0,6,1,0,1,0,0,1,3,5,2,0,2,1
"Kyle Naughton",1,2,3,0,7,0,1,0,3,2,1,3,1,7
"Leon Britton",0,5,0,0,3,0,5,3,0,2,1,1,2,1
"Leroy Fer",0,0,1,0,3,1,4,3,5,0,0,2,7,1
"Lukasz Fabianski",0,1,1,0,0,0,3,2,0,0,0,0,0,0
"Modou Barrow",0,0,1,0,5,0,0,1,2,2,0,0,2,0
"Stephen Kingsley",0,0,5,1,4,2,5,0,3,4,0,4,0,1
"Wayne Routledge",0,0,4,1,1,0,0,0,0,3,0,2,1,0
