"Ahmed Musa",0,1,1,1,1,2,0,0,0,0,0,0,0,0
"Andy King",0,0,2,4,8,0,0,1,2,3,3,2,0,1
"Christian Fuchs",1,1,0,4,2,0,1,0,2,2,1,1,1,0
"Daniel Amartey",2,3,2,0,9,0,2,0,5,3,5,1,2,0
"Danny Simpson",1,8,2,7,0,0,0,0,4,4,0,7,2,4
"Demarai Gray",1,1,1,0,0,0,1,0,1,0,0,0,0,0
"Islam Slimani",1,0,0,1,0,1,0,0,0,1,0,0,1,0
"Jamie Vardy",0,1,0,0,0,0,0,0,0,0,0,0,0,0
"Marc Albrighton",0,1,2,2,2,2,0,1,0,1,0,0,2,0
"Riyad Mahrez",0,4,1,1,2,0,1,1,0,0,0,0,2,0
"Robert Huth",0,1,2,0,0,0,0,1,3,0,0,6,0,4
"Ron-Robert Zieler",0,1,0,2,0,0,1,0,0,0,0,0,2,0
"Shinji Okazaki",2,4,0,0,1,0,0,0,2,1,0,0,0,0
"Wes Morgan",0,2,0,2,2,0,0,0,0,0,1,2,0,0
