"Adam Smith",0,0,0,0,4,6,1,1,0,3,3,3,1,2
"Artur Boruc",0,0,0,1,2,1,0,0,0,0,0,0,0,0
"Benik Afobe",0,0,0,1,0,0,0,0,0,0,0,1,0,0
"Callum Wilson",0,0,1,0,3,1,3,0,1,0,1,0,0,1
"Dan Gosling",4,0,0,1,0,9,3,0,3,1,5,0,9,6
"Harry Arter",5,0,1,2,5,0,4,0,0,2,8,1,1,2
"Jack Wilshere",0,0,1,0,3,1,0,2,2,2,1,0,3,0
"Jordon Ibe",0,0,0,0,1,0,2,0,0,0,4,1,1,0
"Joshua King",1,0,0,0,1,2,2,0,0,1,0,0,5,2
"Junior Stanislas",2,1,0,1,2,0,2,0,1,0,1,0,1,1
"Nathan Aké",3,2,0,1,4,4,0,5,0,5,0,1,0,1
"Ryan Fraser",1,0,0,2,1,0,1,0,0,0,0,0,1,0
"Simon Francis",4,1,0,0,13,2,2,0,5,0,0,0,0,8
"Steve Cook",1,5,0,1,2,2,0,1,2,1,4,0,9,0
