"César Azpilicueta",0,10,4,4,7,1,2,1,21,13,0,4,0,19
"David Luiz",9,0,3,2,10,5,7,0,3,5,0,0,1,6
"Diego Costa",3,1,0,6,1,0,1,1,4,2,0,2,0,2
"Eden Hazard",2,0,8,0,5,0,9,0,4,11,0,4,0,5
"Gary Cahill",5,13,0,7,0,0,12,0,4,10,0,0,5,1
"John Terry",1,4,2,0,0,0,2,0,0,1,1,0,0,0
"Marcos Alonso",2,3,5,13,10,2,0,0,4,14,1,2,0,2
"Michy Batshuayi",0,0,0,0,0,0,1,0,1,1,0,0,0,4
"N'Golo Kanté",18,3,3,2,8,0,3,0,0,13,1,3,0,12
"Nemanja Matic",6,8,1,12,13,0,11,1,10,0,3,0,2,3
"Oscar",0,0,3,0,0,0,0,0,1,0,0,0,0,1
"Pedro",4,0,4,1,1,0,3,0,3,3,0,0,0,1
"Thibaut Courtois",4,2,0,1,1,0,1,0,0,0,0,0,0,0
"Victor Moses",24,5,1,6,3,1,2,2,7,0,1,5,1,0
