"Abel Hernández",0,2,0,0,0,0,6,0,2,2,2,1,0
"Ahmed Elmohamady",4,0,0,0,0,9,10,2,5,1,3,1,6
"Curtis Davies",1,1,0,0,0,0,2,0,0,3,6,8,2
"David Marshall",2,0,0,0,0,0,0,0,0,0,0,0,0
"David Meyler",0,1,0,0,0,0,0,0,0,0,0,0,0
"Harry Maguire",0,4,1,0,0,0,2,0,1,4,1,0,1
"Jake Livermore",1,10,4,2,1,4,0,0,5,2,6,7,3
"Jarrod Bowen",0,2,0,0,0,0,0,0,0,0,0,0,0
"Markus Henriksen",1,8,0,0,0,0,4,0,0,1,2,4,1
"Michael Dawson",0,2,3,0,0,2,6,0,2,0,1,2,0
"Ryan Mason",0,4,5,1,0,1,8,0,2,3,0,8,1
"Sam Clucas",3,0,4,1,1,1,3,0,1,1,11,0,4
"Will Keane",1,6,2,0,0,0,2,0,1,0,3,0,0
