"Adam Smith",0,15,0,0,2,0,11,2,0,18,0,0,9,1
"Andrew Surman",11,0,0,2,0,10,9,1,5,1,0,5,7,8
"Artur Boruc",0,1,0,0,0,1,0,0,0,1,0,0,0,1
"Benik Afobe",0,2,0,0,0,1,0,0,0,0,1,1,0,1
"Callum Wilson",1,2,0,0,0,2,0,0,0,2,0,0,0,0
"Charlie Daniels",1,8,1,1,0,0,9,0,2,0,1,17,1,15
"Jack Wilshere",4,12,1,1,8,8,0,1,3,2,0,2,5,1
"Jordon Ibe",1,1,0,1,0,0,0,0,0,0,0,0,1,0
"Joshua King",1,1,0,0,0,2,4,0,0,1,0,2,1,0
"Junior Stanislas",14,2,0,0,0,0,4,0,0,0,0,2,1,0
"Marc Pugh",0,1,0,1,0,0,0,0,0,0,0,0,0,0
"Ryan Fraser",0,4,0,0,0,10,5,0,3,0,0,0,1,2
"Steve Cook",16,5,3,0,0,4,2,1,1,5,0,1,0,6
"Tyrone Mings",2,5,6,0,0,9,5,0,1,0,0,1,10,0
