"Alex Iwobi",0,6,1,0,7,4,0,3,6,12,0,1,2,0
"Alex Oxlade-Chamberlain",3,0,0,4,4,6,2,0,8,10,0,2,4,4
"Alexis Sánchez",3,6,0,0,3,2,0,2,3,1,0,0,0,0
"Danny Welbeck",3,0,0,0,0,0,0,1,0,1,0,0,0,0
"Francis Coquelin",3,9,2,0,0,2,0,2,5,8,0,0,6,1
"Gabriel",3,9,4,0,7,0,0,3,6,0,0,4,6,2
"Héctor Bellerín",0,3,1,0,2,0,0,0,0,0,0,0,2,0
"Laurent Koscielny",3,3,1,0,1,1,0,0,3,9,0,3,10,0
"Mesut Özil",7,7,8,3,5,7,1,1,0,6,2,0,2,1
"Nacho Monreal",11,4,2,0,9,1,0,11,12,0,1,2,1,0
"Olivier Giroud",2,0,0,0,0,0,0,0,1,0,0,0,0,1
"Petr Cech",1,0,1,0,0,1,1,1,0,2,0,0,5,0
"Shkodran Mustafi",5,4,3,0,4,8,2,9,5,0,0,5,0,2
"Theo Walcott",0,1,1,0,1,2,0,0,2,0,0,0,4,0
