"Adam Lallana",0,0,2,0,3,0,1,0,2,9,0,1,7,4
"Daniel Sturridge",0,0,1,2,0,0,0,0,0,0,1,0,1,0
"Emre Can",1,0,0,1,8,1,7,3,4,2,2,9,4,1
"Georginio Wijnaldum",0,1,1,0,1,0,4,0,1,5,0,1,1,0
"James Milner",4,1,9,0,0,0,5,2,7,0,1,7,5,2
"Joel Matip",1,0,0,0,2,0,5,6,7,8,0,1,0,1
"Jordan Henderson",5,0,11,3,10,8,0,0,3,9,0,4,2,0
"Loris Karius",0,0,0,0,0,0,0,0,3,0,0,0,1,0
"Lucas Leiva",2,0,5,0,9,7,2,2,0,0,1,2,3,3
"Nathaniel Clyne",4,1,0,4,1,5,7,1,1,0,0,4,9,8
"Ovie Ejaria",0,0,0,1,2,0,1,0,0,0,0,0,1,0
"Philippe Coutinho",2,0,7,1,5,2,3,0,4,3,0,0,7,0
"Roberto Firmino",2,1,4,3,1,0,5,0,3,7,0,5,0,1
"Sadio Mané",3,0,4,0,2,0,3,0,0,2,0,3,0,0
