"Bojan",0,0,2,0,0,1,0,0,1,1,1,0,0,0
"Bruno Martins Indi",0,0,2,6,1,1,0,4,0,0,0,0,1,0
"Charlie Adam",3,2,0,6,5,5,1,1,1,0,5,5,2,1
"Erik Pieters",0,2,5,0,4,4,1,1,0,1,1,6,2,3
"Glenn Whelan",0,3,3,1,0,2,1,0,0,0,3,4,6,2
"Joe Allen",2,1,7,3,3,0,3,0,0,0,3,4,1,2
"Jonathan Walters",1,0,0,0,2,3,0,0,0,0,0,0,2,2
"Lee Grant",0,1,1,0,0,0,4,0,0,3,1,0,3,0
"Mame Biram Diouf",0,0,0,0,0,0,0,1,0,0,0,0,1,0
"Peter Crouch",1,0,1,0,0,0,0,0,0,0,1,0,0,0
"Phil Bardsley",0,1,0,0,2,8,6,1,0,0,0,0,0,2
"Ramadan Sobhi",0,0,6,4,0,5,0,0,0,1,0,0,1,0
"Ryan Shawcross",0,2,3,0,4,1,3,4,0,0,2,0,0,1
"Wilfried Bony",0,0,3,0,1,3,1,0,0,0,0,0,1,0
