"Alex Iwobi",0,0,0,0,1,0,0,0,0,3,0,0,1,0
"Alexis Sánchez",0,0,0,0,1,1,3,1,0,4,7,0,3,0
"Danny Welbeck",0,1,0,0,1,0,3,3,0,1,1,0,0,0
"David Ospina",0,1,0,0,0,1,3,1,1,0,0,0,3,0
"Francis Coquelin",2,4,0,0,0,1,2,1,1,5,1,0,4,1
"Gabriel",0,1,0,4,2,0,2,0,1,0,6,0,1,0
"Granit Xhaka",0,3,2,2,6,2,0,4,3,4,5,0,8,2
"Héctor Bellerín",1,0,1,0,0,1,8,0,0,3,1,0,6,4
"Laurent Koscielny",0,1,0,2,2,0,2,0,0,0,4,0,3,0
"Mesut Özil",0,5,1,0,1,1,7,4,1,0,7,0,1,0
"Nacho Monreal",0,17,0,0,4,3,4,0,4,7,0,1,0,0
"Olivier Giroud",0,0,0,0,1,0,0,0,0,0,0,0,0,0
"Shkodran Mustafi",1,1,0,6,0,1,6,5,2,4,0,1,0,1
"Theo Walcott",0,1,1,0,0,0,0,2,0,1,0,0,1,0
