"Allan Nyom",0,3,1,1,0,1,0,0,0,2,4,0,2
"Ben Foster",1,0,1,0,1,0,0,0,0,2,1,0,1
"Chris Brunt",2,0,0,2,3,4,1,0,1,2,2,0,1
"Claudio Yacob",2,1,2,0,2,1,0,0,0,1,3,0,1
"Craig Dawson",0,0,2,2,0,2,2,0,0,2,0,3,2
"Darren Fletcher",1,0,4,3,3,0,0,0,1,2,2,1,0
"Gareth McAuley",1,1,1,0,1,1,0,0,0,0,0,0,0
"Hal Robson-Kanu",1,0,0,1,0,0,0,0,0,0,0,0,0
"James McClean",0,0,0,1,0,2,0,0,0,0,1,0,0
"Jonny Evans",1,5,2,3,1,2,1,0,1,0,3,1,0
"Matt Phillips",4,0,2,0,1,2,1,0,0,0,0,3,0
"Nacer Chadli",2,0,0,1,1,7,0,0,0,0,1,0,0
"Salomón Rondón",0,0,1,0,0,0,0,0,0,0,0,3,0
