"Adam Lallana",0,0,2,7,6,5,3,0,13,3,1,6,0
"Ben Woodburn",0,0,1,0,2,3,0,1,0,0,0,0,0
"Divock Origi",2,0,0,0,1,1,0,0,1,3,0,1,0
"Emre Can",4,2,3,0,2,6,6,0,3,4,5,1,1
"Georginio Wijnaldum",5,0,1,2,0,13,1,1,0,2,4,2,1
"James Milner",5,5,2,7,13,0,0,0,1,9,8,3,2
"Joel Matip",4,0,0,7,1,2,0,0,10,1,16,1,7
"Lucas Leiva",0,0,0,0,0,2,0,0,0,0,0,2,0
"Nathaniel Clyne",10,0,1,2,1,0,16,0,0,0,1,10,0
"Philippe Coutinho",2,0,5,0,1,5,0,0,3,0,1,3,0
"Ragnar Klavan",2,0,0,5,2,17,12,0,2,0,0,3,5
"Sadio Mané",9,1,1,4,3,3,1,0,3,2,1,0,1
"Simon Mignolet",0,0,1,3,1,1,2,0,0,0,4,2,0
