"César Azpilicueta",0,15,7,7,1,0,12,0,0,0,4,4,9
"Cesc Fàbregas",11,0,7,12,4,3,15,1,4,9,0,4,16
"David Luiz",14,8,0,4,8,3,5,0,0,1,1,2,0
"Diego Costa",1,13,4,0,1,2,8,0,3,4,0,2,9
"Gary Cahill",4,6,10,0,0,4,3,0,0,2,2,0,1
"Marcos Alonso",0,9,5,3,1,0,7,0,2,8,0,1,3
"N'Golo Kanté",11,11,4,8,4,9,0,0,4,7,0,5,8
"Nathaniel Chalobah",0,0,0,0,0,0,0,0,0,0,0,0,0
"Nemanja Matic",0,4,1,2,3,3,5,0,0,0,0,0,0
"Pedro",2,12,1,5,2,3,3,0,0,0,0,1,1
"Thibaut Courtois",1,0,2,0,2,1,0,0,0,0,0,0,0
"Victor Moses",10,8,2,2,2,0,2,0,1,0,1,0,3
"Willian",2,13,0,7,1,6,5,0,3,2,0,2,0
