"Andre Gray",0,0,1,0,0,0,0,2,0,0,0,0,0,0
"Ashley Barnes",1,0,0,0,0,3,0,0,0,0,2,3,0,0
"Ben Mee",0,2,0,5,0,2,0,2,4,2,2,3,0,1
"Dean Marney",0,1,2,0,0,2,0,4,2,0,2,0,0,0
"George Boyd",0,2,0,1,0,3,0,1,3,1,1,0,0,0
"Jeff Hendrick",0,1,3,0,1,0,0,2,4,0,3,3,0,1
"Johann Berg Gudmundsson",0,0,0,0,0,0,0,0,0,0,0,0,0,0
"Jon Flanagan",0,2,1,5,7,0,1,0,4,0,0,0,0,1
"Michael Keane",0,2,4,2,3,5,0,1,0,0,1,0,0,4
"Sam Vokes",0,0,0,0,0,0,0,0,1,0,1,1,0,0
"Scott Arfield",1,0,1,1,0,3,0,2,1,0,0,2,0,0
"Stephen Ward",2,3,8,0,0,5,0,0,1,0,2,0,0,1
"Steven Defour",0,0,0,0,0,0,0,1,0,0,0,0,0,0
"Tom Heaton",0,2,0,0,0,0,0,0,1,1,1,0,0,0
