"Aaron Ramsey",0,1,4,4,3,0,2,0,4,0,0,0,0,0
"Alex Iwobi",1,0,1,2,0,0,0,0,0,0,0,0,0,0
"Alex Oxlade-Chamberlain",1,0,0,7,3,0,3,0,8,0,4,0,2,0
"Alexis Sánchez",2,1,2,0,3,3,2,1,4,2,2,0,2,1
"Francis Coquelin",3,0,3,4,0,5,11,0,3,0,3,0,2,3
"Gabriel",3,0,3,2,4,0,5,1,11,0,0,0,6,6
"Granit Xhaka",2,0,5,6,5,5,0,4,6,1,7,2,7,1
"Laurent Koscielny",0,0,4,0,1,1,4,0,2,1,4,0,7,0
"Mesut Özil",2,0,5,9,6,6,5,1,0,0,7,0,3,1
"Mohamed Elneny",0,1,0,0,0,2,1,1,0,0,0,0,0,0
"Nacho Monreal",2,0,2,7,2,0,4,5,5,1,0,0,1,0
"Petr Cech",1,0,0,0,0,0,0,1,0,0,0,0,1,0
"Shkodran Mustafi",1,1,0,2,6,7,6,6,2,0,0,7,0,1
"Theo Walcott",0,0,1,0,0,2,0,0,2,0,1,0,2,0
