"Cédric Soares",0,5,1,2,15,0,2,0,1,0,0,1,3,9
"Dusan Tadic",2,0,0,3,2,0,0,2,3,2,5,0,0,5
"Fraser Forster",0,0,0,0,1,0,0,0,0,0,0,0,0,0
"Jack Stephens",13,1,1,0,0,0,2,4,0,5,0,0,0,2
"James Ward-Prowse",8,4,0,4,0,0,1,1,0,3,2,0,0,4
"Jordy Clasie",0,0,0,0,0,0,0,0,0,0,0,0,0,1
"Manolo Gabbiadini",1,3,0,1,1,0,0,0,2,0,0,0,0,2
"Maya Yoshida",2,2,3,4,0,0,1,0,0,5,8,0,0,8
"Nathan Redmond",1,5,0,1,2,0,2,0,0,2,2,0,0,1
"Oriol Romeu",4,2,1,1,3,0,3,6,4,0,6,0,0,8
"Ryan Bertrand",1,5,2,1,0,0,2,9,8,3,0,0,1,3
"Shane Long",0,0,0,0,0,1,0,0,0,0,0,0,1,0
"Sofiane Boufal",1,1,0,0,0,0,0,0,0,0,0,0,0,2
"Steven Davis",9,2,0,2,8,0,1,6,4,8,4,1,0,0
