"Ahmed Musa",0,1,0,1,0,0,0,0,0,1,1,0,0,2
"Ben Chilwell",0,0,8,3,0,0,1,2,0,2,2,0,0,1
"Christian Fuchs",3,7,0,2,0,0,3,3,0,7,0,0,2,2
"Daniel Drinkwater",1,1,1,0,3,1,0,0,12,1,2,1,6,4
"Danny Simpson",0,1,0,2,0,1,0,0,0,0,0,1,0,2
"Demarai Gray",0,1,0,1,1,0,0,1,0,1,0,1,0,0
"Jamie Vardy",0,0,1,2,0,0,0,0,1,0,0,0,2,1
"Kasper Schmeichel",0,4,1,0,0,0,0,0,1,0,0,0,0,0
"Marc Albrighton",0,0,0,10,0,0,2,1,0,1,0,0,4,3
"Nampalys Mendy",2,1,6,3,0,0,0,0,3,0,2,1,3,2
"Robert Huth",0,0,1,3,0,0,0,2,1,1,0,0,3,2
"Shinji Okazaki",0,0,0,2,0,1,1,0,0,1,0,0,0,0
"Wes Morgan",0,0,2,5,0,0,1,4,8,1,0,1,0,1
"Wilfred Ndidi",3,4,4,4,3,1,0,2,2,2,0,0,1,0
