"Ahmed Musa",0,4,2,0,2,1,0,2,0,0,0,0,2,0
"Andy King",2,0,6,0,7,7,0,4,0,2,4,2,2,8
"Christian Fuchs",4,4,0,0,3,0,0,3,1,2,5,2,5,0
"Daniel Amartey",0,0,0,0,1,0,0,0,0,0,0,0,0,0
"Daniel Drinkwater",3,6,5,0,0,8,0,1,0,0,8,3,4,3
"Danny Simpson",0,5,0,0,3,0,0,5,0,2,8,0,5,1
"Demarai Gray",0,0,0,1,1,0,0,0,1,0,0,0,0,0
"Islam Slimani",1,6,1,0,3,0,0,0,0,0,3,0,1,0
"Jamie Vardy",0,0,0,1,0,0,0,0,0,0,0,0,2,0
"Kasper Schmeichel",1,0,1,0,0,0,0,1,0,0,0,0,1,2
"Riyad Mahrez",1,3,1,0,10,4,2,1,0,0,0,1,5,0
"Robert Huth",0,3,2,0,1,0,0,0,0,3,0,0,0,2
"Shinji Okazaki",2,4,2,0,4,5,1,2,1,0,1,0,0,0
"Wes Morgan",0,3,0,0,5,5,0,1,0,2,2,1,0,0
