"Aleksandar Kolarov",0,5,2,6,7,2,3,20,0,15,0,0,8,1
"Bacary Sagna",3,0,4,2,10,3,5,20,0,3,0,21,0,2
"Claudio Bravo",4,4,0,0,1,0,0,5,0,0,0,1,0,0
"David Silva",7,3,0,0,10,4,5,3,1,9,2,13,1,5
"Fernando",11,8,0,9,0,4,3,7,0,3,1,12,2,1
"Ilkay Gündogan",4,4,1,4,6,0,5,2,2,6,0,3,0,0
"Jesús Navas",3,1,0,8,0,7,0,2,0,3,0,7,0,0
"John Stones",17,19,4,4,7,10,1,0,0,3,0,9,1,3
"Kelechi Iheanacho",1,0,1,1,1,1,0,0,0,0,0,1,0,0
"Kevin De Bruyne",8,6,0,10,7,2,2,4,2,0,0,5,2,2
"Nolito",1,1,0,1,1,0,0,0,0,1,0,1,1,0
"Pablo Zabaleta",3,13,1,16,7,7,10,7,2,8,0,0,0,5
"Raheem Sterling",4,1,0,1,1,1,0,0,0,1,2,0,0,2
"Yaya Touré",3,1,0,3,1,1,0,1,0,1,2,4,0,0
