"Adam Smith",0,0,0,1,3,2,7,1,1,0,0,0,5,2
"Artur Boruc",1,0,1,0,2,0,0,0,0,0,2,0,0,2
"Benik Afobe",0,0,0,0,2,1,0,0,0,0,0,1,0,0
"Callum Wilson",2,0,0,0,0,1,2,0,1,0,0,0,0,1
"Charlie Daniels",0,1,0,0,0,12,4,0,5,5,5,2,2,1
"Harry Arter",3,1,1,1,12,0,14,2,2,3,8,4,12,5
"Jack Wilshere",5,1,1,1,5,17,0,0,4,2,1,0,10,1
"Jordon Ibe",1,0,0,0,0,2,1,0,0,0,1,0,1,0
"Joshua King",1,0,0,2,2,2,1,0,0,3,0,1,1,1
"Marc Pugh",1,0,0,0,5,2,1,0,2,0,0,0,0,0
"Nathan Aké",0,0,0,0,4,8,5,1,2,0,0,1,2,3
"Ryan Fraser",0,0,0,0,3,3,1,0,1,0,1,0,1,1
"Simon Francis",5,5,0,1,1,10,9,1,4,0,1,1,0,5
"Steve Cook",0,4,0,1,0,2,5,1,1,0,2,0,2,0
