"Bruno Martins Indi",0,0,4,0,5,2,1,5,0,0,0,1,1,0
"Charlie Adam",0,0,3,0,4,0,1,1,0,0,2,1,2,0
"Erik Pieters",6,2,0,2,2,3,8,2,0,0,1,7,0,0
"Geoff Cameron",0,0,1,0,0,0,0,0,0,0,0,0,0,0
"Glenn Whelan",0,7,4,0,0,0,2,3,4,1,6,1,4,1
"Ibrahim Afellay",1,0,1,1,2,0,2,2,0,0,1,0,1,0
"Joe Allen",2,0,6,0,4,2,0,1,0,1,2,1,0,0
"Lee Grant",3,0,0,0,1,0,0,0,0,3,0,1,1,0
"Marko Arnautovic",0,0,0,0,4,0,0,0,0,1,3,0,0,0
"Peter Crouch",0,2,1,0,1,0,1,0,1,0,1,0,0,0
"Phil Bardsley",0,1,2,0,3,1,1,3,5,8,0,0,4,0
"Ramadan Sobhi",0,5,4,0,0,2,2,0,0,1,1,0,0,0
"Ryan Shawcross",2,1,0,0,3,0,0,4,0,0,2,0,0,0
"Saido Berahino",0,0,0,0,0,0,0,0,0,0,0,0,0,0
