"Alex Oxlade-Chamberlain",0,7,3,3,2,0,0,0,4,0,0,1,3,1
"Alexis Sánchez",3,0,3,8,4,2,2,4,5,0,0,1,6,2
"Francis Coquelin",3,5,0,5,3,1,1,4,1,1,1,2,3,5
"Granit Xhaka",3,4,4,0,5,0,5,0,12,0,1,6,9,3
"Héctor Bellerín",2,6,11,11,0,1,1,2,1,3,0,6,12,6
"Jack Wilshere",1,2,2,0,0,0,1,4,0,0,0,1,0,2
"Laurent Koscielny",6,1,0,4,2,0,0,1,10,0,2,10,1,0
"Mesut Özil",0,4,1,0,2,4,0,0,1,0,0,1,0,1
"Nacho Monreal",9,11,5,10,2,0,6,1,0,0,2,2,6,1
"Olivier Giroud",0,0,1,0,1,0,0,0,0,0,0,1,0,1
"Petr Cech",1,0,0,0,1,0,0,0,0,0,0,2,0,0
"Rob Holding",1,0,2,5,9,1,9,1,1,0,2,0,2,2
"Santiago Cazorla",1,8,3,5,11,0,1,0,3,0,0,3,0,2
"Theo Walcott",0,1,2,2,12,1,0,1,1,0,0,0,2,0
