"Abdoulaye Doucouré",0,8,6,11,0,18,4,7,4,0,8,0,7
"Adrian Mariappa",8,0,0,5,4,0,0,11,10,1,5,1,4
"Daryl Janmaat",10,0,0,4,0,3,0,0,0,1,5,0,2
"Etienne Capoue",12,3,4,0,0,3,2,9,1,2,0,0,5
"Heurelho Gomes",0,2,0,1,0,1,1,0,1,1,0,0,0
"José Holebas",7,0,7,6,0,0,4,0,4,0,7,0,3
"M'Baye Niang",1,1,2,1,0,2,0,1,0,0,1,0,3
"Nordin Amrabat",8,12,2,6,2,0,1,0,5,0,2,0,8
"Sebastian Prödl",4,9,0,0,2,10,0,1,0,0,0,0,2
"Stefano Okaka",0,0,0,2,0,1,0,1,0,0,0,0,1
"Tom Cleverley",7,2,7,1,0,1,1,8,1,0,0,0,9
"Troy Deeney",0,0,0,0,0,0,0,0,0,0,0,0,0
"Valon Behrami",10,10,3,9,0,3,1,7,2,1,2,0,0
