"Ben Davies",0,1,10,5,1,0,13,0,6,1,12,5,0
"Christian Eriksen",1,0,7,6,1,1,3,8,5,0,4,6,1
"Dele Alli",6,6,0,5,1,0,5,1,6,0,2,1,1
"Eric Dier",3,10,4,0,1,1,12,9,9,0,5,11,1
"Harry Kane",2,4,0,0,0,0,0,4,1,0,2,0,0
"Hugo Lloris",1,1,1,1,0,0,8,0,3,0,1,7,0
"Jan Vertonghen",19,3,5,6,3,8,0,2,11,0,8,17,1
"Kyle Walker",1,13,6,5,2,4,4,0,4,0,4,4,2
"Mousa Dembélé",6,9,5,9,0,1,11,5,0,1,5,4,4
"Moussa Sissoko",0,0,0,0,0,0,0,1,0,0,1,0,0
"Son Heung-Min",12,4,3,3,3,0,4,6,3,0,0,1,0
"Toby Alderweireld",2,5,2,15,1,7,20,4,6,0,1,0,1
"Victor Wanyama",1,2,0,0,0,0,0,2,1,0,0,2,0
