"Ander Herrera",0,2,0,3,1,2,0,13,0,0,3,1,0,2
"Anthony Martial",1,0,2,0,0,4,3,3,1,4,6,1,0,2
"Axel Tuanzebe",3,2,0,4,5,0,1,6,0,0,4,1,0,3
"Chris Smalling",1,0,7,0,2,0,1,1,0,2,8,7,0,2
"David de Gea",1,2,1,3,0,0,0,1,0,0,0,2,0,0
"Henrikh Mkhitaryan",2,4,0,0,0,0,0,2,0,4,8,2,0,8
"Jesse Lingard",0,2,1,1,0,0,0,2,2,4,1,0,3,0
"Juan Mata",9,4,4,1,0,3,3,0,1,6,8,1,0,4
"Marcus Rashford",0,2,0,0,0,0,1,0,0,0,0,0,1,1
"Matteo Darmian",2,2,0,1,1,5,4,4,2,0,6,10,3,5
"Michael Carrick",5,3,8,5,2,3,3,5,1,8,0,7,1,13
"Phil Jones",1,0,2,11,4,2,1,1,0,8,4,0,0,2
"Scott McTominay",0,1,0,1,0,0,1,0,0,3,0,0,0,1
"Wayne Rooney",2,0,2,1,1,4,2,3,1,5,13,3,0,0
