"Ben Foster",0,0,0,0,0,0,0,1,1,0,1,0,0,1
"Chris Brunt",0,0,7,0,1,0,4,1,5,0,3,1,0,2
"Craig Dawson",0,7,0,3,5,0,4,0,5,0,0,0,1,6
"Darren Fletcher",0,3,2,0,2,0,8,0,5,0,3,2,0,1
"Gareth McAuley",1,0,0,1,0,0,1,1,2,0,6,0,0,1
"Hal Robson-Kanu",0,0,2,0,0,0,1,2,1,0,0,0,0,0
"Jake Livermore",0,6,4,7,3,1,0,0,4,1,2,2,4,3
"James McClean",0,2,0,0,0,2,0,0,0,0,2,0,1,0
"James Morrison",1,3,0,2,0,2,9,1,0,0,2,2,2,3
"Jonathan Leko",0,0,1,0,0,0,1,0,0,0,0,0,0,0
"Jonny Evans",3,5,1,6,5,0,6,0,2,0,0,1,3,0
"Nacer Chadli",0,0,0,1,0,0,4,0,3,0,0,0,5,1
"Nyom",0,0,0,2,0,0,2,0,1,0,8,2,0,2
"Salomón Rondón",0,1,2,1,0,0,4,1,4,0,2,1,0,0
