"Andre Gray",0,0,0,0,0,2,1,1,0,0,2,2,0,0
"Ashley Barnes",0,0,1,1,1,3,0,0,1,0,2,2,0,0
"Ben Mee",1,1,0,0,0,1,0,3,0,2,1,7,2,2
"George Boyd",1,0,1,0,1,2,2,0,0,0,2,0,0,0
"Jeff Hendrick",0,3,2,1,0,2,1,1,1,0,3,4,2,1
"Joey Barton",0,3,4,1,4,0,5,3,1,1,2,4,0,0
"Matthew Lowton",3,0,1,2,1,5,0,3,3,1,2,0,0,1
"Michael Keane",2,1,4,0,3,5,4,0,0,0,1,2,0,1
"Robbie Brady",0,2,0,0,0,0,0,0,0,0,0,0,1,0
"Sam Vokes",0,1,1,0,0,1,0,0,0,0,1,0,0,0
"Scott Arfield",2,3,1,0,0,4,0,1,0,1,0,10,0,0
"Stephen Ward",2,2,3,2,6,7,1,1,0,0,9,0,1,0
"Steven Defour",0,0,0,0,2,1,1,0,0,0,0,0,0,0
"Tom Heaton",0,4,1,0,1,0,0,1,0,2,1,0,0,0
