"Andre Gray",0,0,0,0,0,0,0,0,0,0,1,0,0
"Ashley Barnes",0,0,3,0,0,2,0,1,0,3,2,0,0
"Ashley Westwood",0,3,0,0,0,6,1,2,5,0,3,3,0
"George Boyd",0,1,1,0,0,1,0,0,0,3,3,0,0
"James Tarkowski",0,0,4,0,0,1,0,0,1,2,4,1,0
"Jeff Hendrick",0,1,2,1,3,0,1,0,4,0,3,1,0
"Jon Flanagan",0,0,0,1,0,1,0,0,0,1,3,0,3
"Matthew Lowton",0,2,0,0,2,1,0,0,2,3,0,0,1
"Michael Keane",0,0,0,0,0,0,0,3,0,3,1,0,2
"Sam Vokes",0,4,2,1,0,1,0,1,1,0,1,1,0
"Scott Arfield",1,2,1,2,0,0,5,0,0,1,0,2,0
"Stephen Ward",0,1,3,0,2,1,0,0,0,2,0,0,0
"Tom Heaton",0,0,1,0,0,0,0,0,0,2,0,0,0
