"Andy King",0,1,2,0,2,0,0,0,0,0,3,3,4,1
"Ben Chilwell",2,0,8,1,1,1,2,1,2,2,0,3,0,1
"Christian Fuchs",0,7,0,2,0,1,0,0,6,1,0,0,1,2
"Daniel Amartey",0,1,2,0,2,0,0,0,1,0,1,0,0,1
"Danny Simpson",1,0,2,1,0,0,0,0,3,0,3,2,3,2
"Demarai Gray",0,0,1,0,1,0,0,0,0,0,0,0,0,0
"Islam Slimani",0,1,1,1,0,0,0,0,0,0,0,0,0,1
"Jamie Vardy",1,0,0,0,0,1,0,0,0,1,0,0,0,0
"Kasper Schmeichel",0,2,5,0,0,0,1,0,0,1,0,0,1,0
"Marc Albrighton",0,2,0,2,0,0,0,0,1,0,0,0,0,1
"Riyad Mahrez",1,2,1,0,5,0,0,0,0,0,0,1,5,1
"Shinji Okazaki",4,1,0,0,1,0,0,1,0,1,1,0,1,0
"Wilfred Ndidi",3,2,1,1,3,0,0,2,0,0,2,1,0,2
"Yohan Benalouane",0,1,1,1,1,0,1,0,5,0,1,0,0,0
