"Ben Foster",0,1,0,1,0,0,0,1,2,0,0,1,0
"Brendan Galloway",1,0,0,1,0,0,0,6,2,2,0,0,7
"Claudio Yacob",1,1,0,8,0,1,1,3,0,0,0,0,1
"Craig Dawson",1,3,4,0,0,4,1,0,6,2,1,0,3
"Craig Gardner",0,0,0,0,0,0,0,0,0,0,0,0,1
"Darren Fletcher",0,0,2,2,0,0,0,0,0,2,0,0,0
"Gareth McAuley",3,1,0,1,0,1,0,4,1,1,0,0,1
"Jonny Evans",5,0,3,1,0,0,3,0,2,7,0,1,2
"Matt Phillips",0,1,1,2,0,0,1,0,0,2,1,0,0
"Nacer Chadli",0,2,1,2,0,1,2,1,2,0,0,1,5
"Saido Berahino",0,0,0,0,0,1,0,0,0,0,0,0,2
"Salomón Rondón",0,1,0,1,0,0,0,0,0,0,0,0,0
"Sam Field",0,4,1,3,0,1,5,4,0,4,1,0,0
