"Adlène Guédioura",0,0,0,2,0,0,1,5,1,0,1,2,5,0
"Christian Kabasele",0,0,0,1,4,0,1,1,0,0,3,3,0,0
"Daryl Janmaat",0,0,0,0,1,0,0,0,0,4,3,0,1,0
"Etienne Capoue",2,2,0,0,0,1,9,1,2,2,3,4,9,5
"Heurelho Gomes",0,0,1,0,0,0,1,0,0,0,2,3,0,2
"Isaac Success",0,0,0,0,0,0,1,0,2,1,0,0,1,2
"José Holebas",0,4,0,12,0,4,0,0,2,0,2,1,1,2
"Nordin Amrabat",3,0,0,2,0,0,1,0,1,0,0,3,4,6
"Odion Ighalo",4,1,1,1,0,0,1,1,0,1,0,4,1,1
"Roberto Pereyra",0,0,3,0,0,1,0,0,0,0,6,1,4,2
"Sebastian Prödl",1,3,2,3,4,0,1,1,1,1,0,1,5,8
"Troy Deeney",0,1,0,6,1,1,0,3,4,0,0,0,1,0
"Valon Behrami",6,4,2,7,1,1,1,4,1,5,2,1,0,2
"Younes Kaboul",1,0,1,6,5,0,2,2,1,2,2,3,2,0
