"Aleksandar Kolarov",0,6,4,10,16,29,1,4,0,1,0,3,15
"David Silva",1,0,9,2,5,3,4,8,0,5,0,0,7
"Fernandinho",5,12,0,7,3,13,6,4,4,8,0,2,14
"Gabriel Jesus",2,2,4,0,3,1,3,1,0,3,0,0,6
"Gaël Clichy",18,6,2,1,0,12,4,5,0,0,0,3,10
"John Stones",33,3,16,1,4,0,6,2,3,2,0,3,14
"Kevin De Bruyne",5,4,7,3,1,2,0,4,0,1,0,0,4
"Leroy Sané",0,9,2,2,6,2,0,0,0,0,0,0,6
"Pablo Zabaleta",0,1,1,0,1,3,0,3,0,1,0,0,2
"Raheem Sterling",1,3,9,1,1,1,3,0,1,0,0,0,3
"Sergio Agüero",0,0,0,0,0,0,0,0,1,0,0,0,1
"Willy Caballero",4,0,1,0,0,4,0,1,0,0,0,0,0
"Yaya Touré",14,7,17,2,11,12,3,8,2,6,1,1,0
