"Ashley Young",0,4,1,7,0,14,0,14,0,4,21,1,1
"David de Gea",0,0,0,0,6,1,1,2,0,1,2,1,2
"Jesse Lingard",1,0,0,0,0,2,0,1,1,5,0,0,3
"Juan Mata",20,2,0,0,3,7,2,6,0,6,1,7,4
"Marcos Rojo",1,6,0,3,0,2,12,13,0,11,16,5,3
"Marouane Fellaini",12,0,2,7,2,0,5,5,0,4,6,0,4
"Matteo Darmian",0,0,0,2,9,3,0,8,0,7,0,10,5
"Michael Carrick",3,1,0,10,14,9,5,0,0,15,6,10,7
"Morgan Schneiderlin",0,0,1,0,0,0,0,0,0,2,0,0,1
"Paul Pogba",7,1,5,9,9,3,7,9,1,0,8,13,13
"Phil Jones",13,7,0,5,23,2,0,12,0,4,0,2,1
"Wayne Rooney",4,0,0,4,5,3,6,3,0,11,7,0,11
"Zlatan Ibrahimovic",2,0,3,6,3,3,4,4,2,9,0,14,0
