"Alex Iwobi",0,0,1,0,3,1,0,1,0,1,0,0,0,0
"Alex Oxlade-Chamberlain",0,0,0,5,1,1,4,3,5,0,0,3,2,1
"Alexis Sánchez",0,0,0,0,1,0,0,2,1,0,0,1,0,0
"Francis Coquelin",1,5,0,0,2,6,1,8,3,0,0,3,8,1
"Héctor Bellerín",3,1,0,1,0,1,5,2,1,0,3,4,19,3
"Laurent Koscielny",1,2,1,2,1,0,3,1,17,0,1,13,20,2
"Lucas Pérez",0,2,0,2,0,0,0,2,2,0,0,3,2,3
"Mesut Özil",1,5,5,4,7,2,5,0,2,1,0,8,5,2
"Nacho Monreal",1,12,1,6,1,17,3,5,0,2,2,10,4,0
"Olivier Giroud",0,0,0,1,0,0,0,0,1,0,0,0,0,0
"Petr Cech",0,0,0,1,0,1,0,0,1,0,0,0,1,0
"Santiago Cazorla",1,3,2,8,4,1,2,15,12,0,0,0,19,2
"Shkodran Mustafi",3,2,0,4,12,25,0,10,4,0,0,21,0,1
"Theo Walcott",0,0,0,1,4,0,1,1,1,0,0,1,1,0
