"César Azpilicueta",0,5,5,2,3,0,2,9,6,1,1,1,7,8
"Cesc Fàbregas",0,0,1,0,0,3,1,4,3,0,0,0,1,3
"David Luiz",10,2,0,1,10,5,0,3,4,0,0,3,1,1
"Eden Hazard",4,0,4,0,2,5,0,6,5,3,0,0,3,10
"Gary Cahill",1,0,10,3,0,22,0,3,17,2,0,2,0,0
"Marcos Alonso",1,1,1,12,12,0,2,2,21,11,1,1,1,1
"Michy Batshuayi",1,1,0,0,0,1,0,0,1,0,1,0,0,0
"N'Golo Kanté",7,0,2,7,2,1,2,0,10,6,2,1,7,6
"Nemanja Matic",6,4,11,10,11,10,0,7,0,9,2,1,3,0
"Pedro",1,0,0,8,3,5,0,4,7,0,0,0,2,5
"Ruben Loftus-Cheek",0,1,0,0,0,2,1,0,3,0,0,0,0,0
"Thibaut Courtois",0,0,1,0,2,1,0,0,0,0,0,0,1,0
"Victor Moses",9,1,4,2,3,0,0,10,2,2,0,0,0,9
"Willian",5,1,0,6,2,3,0,6,2,3,0,0,8,0
