"Branislav Ivanovic",0,0,0,0,0,0,0,0,0,0,0,0,0,2
"César Azpilicueta",0,0,5,0,0,0,0,8,2,0,2,6,2,0
"David Luiz",0,5,0,0,2,3,3,0,1,0,0,1,0,0
"Diego Costa",0,1,1,0,2,2,4,2,0,1,1,0,1,0
"Eden Hazard",0,1,2,4,0,0,5,4,3,0,0,0,4,0
"Gary Cahill",0,1,3,1,1,0,10,1,3,0,0,6,0,0
"Marcos Alonso",0,3,5,7,12,12,0,4,4,0,0,0,0,0
"N'Golo Kanté",1,5,1,2,4,2,2,0,2,0,3,2,7,1
"Nemanja Matic",0,1,0,0,4,2,10,3,0,0,1,0,0,0
"Oscar",0,0,0,1,0,0,0,0,0,0,0,0,0,0
"Pedro",0,0,0,0,1,1,3,6,1,0,0,0,2,0
"Thibaut Courtois",0,2,2,0,0,1,1,1,1,0,0,0,3,0
"Victor Moses",0,7,1,6,0,1,0,3,1,0,3,1,0,0
"Willian",0,1,0,1,0,0,0,0,0,0,0,0,0,0
