"Cédric Soares",0,7,2,7,2,2,0,1,1,0,0,1,2
"Dusan Tadic",5,0,0,1,2,1,0,1,0,0,2,0,1
"Fraser Forster",1,0,0,0,0,0,2,0,0,0,1,1,0
"Jack Stephens",4,0,3,0,2,1,3,0,8,0,1,0,4
"James Ward-Prowse",2,2,0,1,0,0,1,0,2,1,0,0,0
"Manolo Gabbiadini",1,1,0,0,1,0,0,0,1,1,0,0,1
"Maya Yoshida",1,1,2,6,0,0,0,0,3,4,2,0,1
"Nathan Redmond",0,2,0,0,0,0,1,0,2,2,0,0,0
"Oriol Romeu",8,0,2,4,3,1,3,2,0,1,1,0,4
"Ryan Bertrand",1,1,0,0,2,2,2,0,3,0,0,5,3
"Shane Long",2,2,0,0,0,0,0,2,3,0,0,0,0
"Sofiane Boufal",1,0,0,0,1,0,0,0,0,2,0,0,0
"Steven Davis",2,2,0,0,0,0,1,0,2,2,0,1,0
