"Alfie Mawson",0,0,10,2,0,3,2,2,2,0,2,4,6,0
"Borja Bastón",0,0,0,0,1,0,0,0,0,1,0,0,0,0
"Federico Fernández",3,0,0,2,2,5,6,1,11,3,4,1,2,0
"Fernando Llorente",1,0,1,0,3,0,2,5,1,0,0,1,2,0
"Gylfi Sigurdsson",1,0,0,0,0,2,0,1,3,0,0,6,3,1
"Jack Cork",10,0,5,1,2,0,1,3,6,2,2,4,4,1
"Jordan Ayew",0,0,1,0,0,3,0,5,8,0,0,0,3,0
"Ki Sung-yueng",4,0,3,0,2,3,3,0,9,1,0,3,3,0
"Leroy Fer",4,1,6,4,5,10,4,8,0,2,1,0,8,0
"Luciano Narsingh",0,1,0,0,0,0,0,1,6,0,0,0,2,1
"Lukasz Fabianski",2,0,1,3,1,1,1,0,0,0,0,0,1,0
"Stephen Kingsley",5,2,0,2,3,8,0,2,1,0,1,0,13,2
"Tom Carroll",5,0,3,4,3,5,2,3,2,2,0,12,0,2
"Wayne Routledge",1,0,0,0,0,2,0,0,0,0,0,0,0,0
