"David Silva",0,4,2,3,1,2,3,1,0,2,1,0,5
"Fernandinho",5,0,3,6,4,4,3,4,0,2,4,2,4
"Gaël Clichy",1,4,0,0,2,4,5,9,0,0,4,2,6
"Jesús Navas",1,8,1,0,12,2,0,1,1,3,3,1,2
"John Stones",2,7,0,7,0,2,1,8,1,0,4,7,3
"Kevin De Bruyne",4,3,4,6,1,0,3,0,0,3,4,1,3
"Leroy Sané",2,1,5,0,0,3,0,1,0,0,7,0,4
"Nicolás Otamendi",4,3,5,0,12,2,2,0,0,0,1,5,5
"Pablo Zabaleta",0,0,0,1,0,0,0,0,0,0,0,0,0
"Raheem Sterling",2,1,0,2,1,0,0,0,0,0,0,0,0
"Sergio Agüero",4,6,3,2,3,1,6,0,0,0,0,0,3
"Willy Caballero",0,4,1,0,1,0,1,4,0,1,1,0,3
"Yaya Touré",4,5,4,0,7,8,2,3,0,0,2,0,0
