"Abel Hernández",0,1,0,0,0,1,0,0,2,0,2,0,3,0
"Adama Diomande",0,0,1,3,0,2,0,1,2,0,2,0,3,0
"Ahmed El Mohamady",1,1,0,1,0,3,2,20,16,0,10,0,19,0
"Andrew Robertson",2,5,1,0,16,12,2,4,3,3,7,3,5,1
"Curtis Davies",1,1,2,10,0,5,6,13,0,2,4,0,5,0
"David Meyler",0,2,3,18,2,0,0,6,2,0,6,0,4,0
"Eldin Jakupovic",0,0,1,2,3,0,0,4,0,0,0,0,0,0
"Jake Livermore",2,0,20,3,17,3,4,0,6,2,8,0,9,1
"Robert Snodgrass",0,1,14,6,0,4,0,3,0,1,4,0,6,1
"Ryan Mason",0,0,0,4,2,0,0,1,0,0,0,3,1,0
"Sam Clucas",1,2,10,10,1,6,2,10,4,1,0,0,6,0
"Shaun Maloney",0,0,0,2,2,0,0,0,0,1,0,0,1,0
"Tom Huddlestone",1,1,12,5,4,3,1,5,10,1,4,0,0,2
"Will Keane",0,0,1,0,0,0,0,0,1,0,0,0,1,0
