"Didier Ndong",0,3,4,3,2,9,0,3,0,6,0,2,3,4
"Duncan Watmore",1,0,0,1,3,2,0,1,0,0,0,1,2,1
"Jack Rodwell",0,1,0,0,3,3,1,0,0,1,3,0,1,4
"Jan Kirchhoff",5,1,0,0,8,2,0,3,0,3,0,4,0,1
"Jason Denayer",2,1,1,4,0,0,0,2,5,2,0,7,3,3
"Javier Manquillo",8,1,1,4,0,0,1,1,1,7,0,1,0,5
"Jermain Defoe",1,0,2,0,0,1,0,0,0,1,0,0,1,0
"John O'Shea",2,1,1,0,8,0,0,0,2,6,0,4,1,1
"Jordan Pickford",0,0,0,1,0,1,1,0,0,2,0,0,0,1
"Lamine Koné",3,1,1,3,1,8,0,3,4,0,1,0,0,4
"Lynden Gooch",1,0,2,0,0,0,0,0,0,0,0,0,2,0
"Paddy McNair",3,2,0,6,2,0,0,5,1,1,0,0,0,3
"Patrick van Aanholt",2,2,3,0,2,0,1,0,0,0,1,0,0,3
"Wahbi Khazri",6,1,3,6,1,2,1,0,0,5,0,0,0,0
