"David Silva",0,9,2,6,0,5,7,4,0,2,0,2,1,6
"Fernandinho",13,0,7,1,0,14,5,0,0,6,1,8,0,6
"Gabriel Jesus",3,3,0,4,0,1,1,1,0,1,1,0,0,5
"Gaël Clichy",6,2,2,0,0,6,6,13,0,0,0,1,2,8
"Jesús Navas",0,0,0,0,0,0,0,0,0,0,0,0,0,0
"Kevin De Bruyne",10,8,3,2,0,0,3,6,0,2,0,1,0,6
"Leroy Sané",7,3,0,5,0,5,0,1,0,0,1,1,1,5
"Nicolás Otamendi",5,3,1,15,0,5,3,0,0,0,0,7,3,17
"Pablo Zabaleta",0,0,1,0,0,0,1,0,0,0,2,0,0,0
"Raheem Sterling",2,7,0,1,0,1,0,0,0,0,0,1,0,2
"Sergio Agüero",1,1,0,0,0,0,0,0,2,0,0,0,0,0
"Vincent Kompany",1,3,2,2,1,2,2,11,0,3,0,0,2,6
"Willy Caballero",0,2,0,0,0,1,0,6,0,0,0,2,0,2
"Yaya Touré",4,8,4,8,0,4,4,16,0,5,1,10,2,0
