"Aleksandar Kolarov",0,6,3,12,12,1,0,4,2,27,6,4,4
"Bacary Sagna",3,0,6,6,0,8,2,14,0,22,0,1,2
"David Silva",2,5,0,2,1,0,1,6,3,1,0,0,1
"Fernandinho",7,6,1,0,4,2,0,5,5,7,1,1,5
"Gaël Clichy",24,2,1,7,0,0,0,5,6,4,3,0,3
"Jesús Navas",2,6,0,1,1,0,0,1,1,3,0,0,2
"Kelechi Iheanacho",0,1,2,1,1,0,0,0,1,1,0,0,0
"Kevin De Bruyne",0,7,7,1,4,1,3,0,2,4,2,1,2
"Leroy Sané",2,0,2,2,7,0,2,5,0,0,0,0,3
"Nicolás Otamendi",26,17,4,7,7,5,2,3,2,0,2,0,7
"Sergio Agüero",0,0,0,2,3,0,1,2,0,0,0,0,3
"Willy Caballero",2,0,0,0,1,0,0,0,0,4,0,0,0
"Yaya Touré",3,6,4,6,5,1,0,5,2,2,2,0,0
