"Ashley Williams",0,0,5,0,4,0,19,3,9,0,9,1,0,2
"Enner Valencia",0,0,0,1,1,1,0,0,0,0,1,0,0,0
"Gareth Barry",5,1,0,3,8,1,10,0,6,0,5,3,0,2
"Gerard Deulofeu",0,2,1,0,2,0,0,0,0,0,1,1,0,2
"Idrissa Gueye",7,0,9,3,0,4,2,1,9,4,7,17,1,4
"Kevin Mirallas",0,1,3,0,1,0,3,0,1,2,7,1,0,1
"Leighton Baines",13,1,8,0,6,6,0,0,3,2,5,0,0,2
"Maarten Stekelenburg",4,1,0,0,0,0,0,0,1,0,1,0,0,1
"Phil Jagielka",11,0,5,0,10,0,1,3,0,0,2,12,0,1
"Romelu Lukaku",1,0,0,0,2,3,1,0,0,0,0,2,0,2
"Ross Barkley",3,0,6,0,10,5,1,0,3,2,0,2,0,2
"Seamus Coleman",1,0,5,2,15,3,0,2,13,4,0,0,0,4
"Tom Cleverley",0,0,0,0,0,0,0,0,0,0,1,0,0,0
"Yannick Bolasie",1,0,1,0,6,0,4,0,2,0,1,4,0,0
