"Andy King",0,0,1,0,6,0,0,0,1,2,0,1,1,0
"Ben Chilwell",0,0,0,1,0,1,0,0,1,0,0,2,0,0
"Christian Fuchs",0,1,0,2,0,1,0,1,3,4,1,1,3,0
"Daniel Drinkwater",0,1,2,0,1,2,2,0,0,1,0,0,0,0
"Danny Simpson",3,0,2,2,0,0,1,2,4,1,2,1,7,0
"Demarai Gray",0,0,0,2,0,0,0,0,1,1,0,0,1,0
"Jamie Vardy",2,1,2,2,0,0,0,0,2,1,2,0,0,0
"Kasper Schmeichel",0,0,0,0,0,0,1,0,2,1,0,0,0,0
"Leonardo Ulloa",3,0,1,1,3,1,4,0,0,2,4,0,5,0
"Marc Albrighton",0,0,2,1,0,0,3,0,2,0,1,1,1,0
"Riyad Mahrez",1,0,0,0,5,0,1,0,4,0,0,1,4,0
"Robert Huth",1,1,1,0,0,0,1,1,2,0,0,0,3,2
"Wilfred Ndidi",3,0,2,2,3,0,3,0,4,2,2,3,0,0
"Yohan Benalouane",0,0,2,0,1,0,0,0,0,0,1,0,0,0
