"Christian Eriksen",0,5,1,2,4,5,1,5,0,4,1,1,3,1
"Danny Rose",7,0,3,0,5,7,0,15,0,2,7,5,1,1
"Dele Alli",2,1,0,1,0,0,1,0,1,1,0,0,1,0
"Eric Dier",5,3,3,0,0,5,6,19,0,12,7,0,9,0
"Harry Kane",0,1,1,0,0,2,0,1,0,1,4,1,0,0
"Harry Winks",8,5,0,4,2,0,1,3,0,11,5,1,9,1
"Hugo Lloris",0,1,0,4,0,0,0,8,0,1,0,1,1,0
"Jan Vertonghen",2,24,0,22,0,7,6,0,0,0,6,2,9,0
"Kieran Trippier",0,0,0,1,0,0,0,0,0,0,0,0,0,0
"Kyle Walker",4,0,1,11,0,12,1,5,0,0,9,0,2,1
"Mousa Dembélé",7,6,0,2,1,8,0,7,0,3,0,0,7,0
"Son Heung-Min",1,1,0,0,0,0,0,1,0,0,0,0,1,0
"Victor Wanyama",7,6,1,11,0,4,0,7,0,11,7,0,0,0
"Vincent Janssen",1,2,0,0,0,0,0,0,0,1,0,0,1,0
