"Adam Lallana",0,6,1,4,3,8,3,2,1,14,9,15,6,1
"Alberto Moreno",7,0,4,0,0,2,1,0,0,0,8,6,0,1
"Daniel Sturridge",3,3,0,1,0,1,12,3,0,4,2,2,2,0
"Dejan Lovren",7,0,0,0,0,8,2,0,1,14,8,2,4,6
"Divock Origi",0,1,0,0,0,0,0,0,1,0,0,2,1,0
"Emre Can",12,2,5,14,0,0,6,3,1,8,12,6,4,4
"Georginio Wijnaldum",5,2,8,2,0,6,0,8,0,4,2,3,3,1
"James Milner",1,0,4,0,0,3,6,0,0,1,5,8,3,0
"Lucas Leiva",0,3,0,1,0,0,0,0,0,2,1,0,1,0
"Nathaniel Clyne",17,0,6,6,0,9,2,0,1,0,2,3,13,1
"Ragnar Klavan",6,8,1,11,0,20,1,7,1,1,0,3,0,7
"Roberto Firmino",9,3,4,0,1,6,5,7,2,3,1,0,5,0
"Sadio Mané",9,0,5,1,0,7,2,1,0,3,1,6,0,0
"Simon Mignolet",1,0,0,4,1,2,0,0,0,0,6,0,1,0
