"Adrián",0,2,1,0,1,0,1,0,0,0,1,1,0
"Angelo Ogbonna",0,0,8,2,9,3,11,1,24,3,6,0,0
"Arthur Masuaku",1,10,0,2,8,1,1,0,16,4,8,0,0
"Cheikhou Kouyaté",2,3,7,0,7,8,3,0,3,5,2,0,3
"Dimitri Payet",0,7,4,6,0,1,2,0,15,10,3,0,4
"Håvard Nordtveit",2,0,0,5,4,0,17,0,12,7,2,0,2
"James Collins",1,16,0,6,3,10,0,0,8,2,0,2,1
"Jonathan Calleri",0,0,0,0,2,0,0,0,1,0,0,0,1
"Manuel Lanzini",1,13,16,7,18,9,2,4,0,6,6,0,8
"Mark Noble",1,4,2,1,5,9,2,0,8,0,4,4,0
"Michail Antonio",0,3,3,2,2,6,0,0,5,4,0,0,1
"Simone Zaza",0,0,1,1,1,1,0,0,1,2,0,0,0
"Sofiane Feghouli",0,3,1,3,2,3,1,1,5,0,0,0,0
