"Abel Hernández",0,0,0,0,3,0,2,1,0,0,0,0,1,1
"Adama Diomande",0,0,0,0,1,0,1,0,0,0,0,0,1,1
"Andrew Robertson",2,0,0,2,10,1,0,6,0,0,0,0,7,8
"Curtis Davies",0,0,7,0,3,4,1,0,2,0,0,1,1,4
"David Meyler",0,2,4,4,0,1,2,6,5,8,3,0,5,12
"Eldin Jakupovic",0,0,1,0,2,0,0,0,2,0,1,0,2,0
"Evandro",2,0,2,0,6,0,0,4,0,4,0,2,9,6
"Harry Maguire",0,0,5,3,5,0,3,0,10,5,0,0,3,12
"Michael Dawson",0,1,0,5,5,4,0,7,0,4,0,1,3,6
"Omar Elabdellaoui",0,0,1,0,11,2,5,6,5,0,0,0,1,5
"Oumar Niasse",0,0,0,0,2,0,1,0,0,0,0,0,1,1
"Ryan Mason",0,0,0,0,0,1,1,0,0,1,0,0,1,2
"Sam Clucas",1,1,7,3,5,1,4,1,0,5,1,0,0,6
"Tom Huddlestone",3,1,8,5,8,1,13,11,6,6,1,2,6,0
