"César Azpilicueta",0,6,2,1,3,0,13,0,11,0,1,2,8,3
"David Luiz",10,0,2,0,7,1,2,0,1,0,0,2,1,3
"Diego Costa",3,0,0,5,0,2,2,1,3,1,1,0,3,5
"Eden Hazard",1,1,5,0,0,4,14,0,6,0,0,0,6,6
"Gary Cahill",3,8,1,6,0,7,2,0,8,1,0,1,1,1
"Marcos Alonso",1,3,4,2,5,0,3,0,6,1,0,0,1,3
"N'Golo Kanté",10,0,4,7,6,2,0,1,11,2,1,0,11,8
"Nathaniel Chalobah",0,0,0,0,0,0,0,0,1,0,0,0,0,0
"Nemanja Matic",4,6,4,11,7,8,7,0,0,2,0,0,6,4
"Oscar",0,0,1,0,0,0,1,0,1,0,0,0,1,0
"Pedro",0,0,0,0,0,0,2,0,0,0,0,0,0,0
"Thibaut Courtois",3,0,1,0,0,0,0,0,0,0,0,0,1,0
"Victor Moses",11,0,4,6,1,3,8,0,1,0,0,0,0,5
"Willian",4,1,6,6,2,0,8,0,5,0,0,0,3,0
