"Aaron Cresswell",0,0,0,5,0,0,4,0,0,11,0,2,8
"Adrián",1,0,1,1,0,0,0,2,1,2,0,1,0
"André Ayew",1,0,0,1,0,0,3,1,1,6,7,0,0
"Angelo Ogbonna",9,2,0,0,0,0,2,4,0,7,0,2,3
"Ashley Fletcher",0,0,0,0,0,0,1,0,0,1,0,0,1
"Declan Rice",0,0,0,0,1,0,0,0,0,2,0,1,1
"Edimilson Fernandes",3,0,3,9,0,0,0,1,4,14,4,4,4
"James Collins",0,3,0,2,1,0,3,0,4,3,0,3,1
"José Fonte",0,7,1,0,0,1,5,5,0,8,8,4,1
"Manuel Lanzini",8,0,6,11,2,1,16,3,10,0,2,0,8
"Robert Snodgrass",1,0,5,2,0,0,2,1,5,2,0,6,0
"Sam Byram",1,0,3,0,1,1,4,0,8,5,6,0,0
"Sofiane Feghouli",6,1,1,3,0,0,1,2,2,3,1,0,0
