"Angel Rangel",0,0,2,0,0,1,0,1,0,0,1,0,0,0
"Federico Fernández",0,0,1,2,5,0,0,5,9,1,2,3,1,0
"Fernando Llorente",0,0,0,3,1,0,0,0,0,1,0,0,0,0
"Gylfi Sigurdsson",0,0,1,0,2,2,1,0,1,1,0,4,1,1
"Jack Cork",0,7,0,1,0,3,0,2,12,3,0,5,1,3
"Jay Fulton",1,3,0,2,4,0,0,3,2,2,1,0,4,2
"Jefferson Montero",0,0,0,0,1,0,0,0,0,0,0,0,0,0
"Jordi Amat",0,5,1,1,3,3,0,0,1,3,2,0,2,0
"Kyle Naughton",0,5,0,1,14,1,0,1,0,3,1,6,0,3
"Leroy Fer",0,1,0,1,4,5,0,4,6,0,2,1,4,2
"Lukasz Fabianski",1,3,1,0,1,2,0,2,0,0,0,0,0,0
"Modou Barrow",0,1,0,4,2,2,0,0,3,0,0,0,0,2
"Neil Taylor",0,0,1,0,3,0,0,2,1,9,2,1,0,2
"Wayne Routledge",0,0,0,1,3,0,0,0,0,2,0,2,2,0
