"Ben Chilwell",0,1,2,3,1,5,1,1,0,3,1,0,0,1
"Christian Fuchs",1,0,0,0,0,0,0,1,0,0,0,0,0,0
"Daniel Amartey",5,1,0,5,5,1,1,0,1,0,1,2,0,2
"Daniel Drinkwater",3,0,3,0,4,2,5,0,0,3,3,1,0,4
"Danny Simpson",1,0,1,6,0,0,0,1,1,5,4,2,0,0
"Demarai Gray",0,0,3,5,0,0,2,0,0,1,2,1,0,1
"Islam Slimani",0,1,3,0,1,3,0,0,0,0,5,0,0,0
"Kasper Schmeichel",0,0,0,0,0,1,1,0,0,0,0,0,0,0
"Leonardo Ulloa",1,1,0,0,0,0,0,0,0,1,0,0,0,0
"Marc Albrighton",1,0,3,0,3,1,1,0,1,0,1,0,0,0
"Riyad Mahrez",2,0,2,4,1,5,2,0,0,1,0,0,0,0
"Robert Huth",2,0,0,0,0,0,0,4,1,1,1,0,0,1
"Shinji Okazaki",1,0,0,0,0,0,0,0,1,0,0,0,0,0
"Wes Morgan",0,0,2,2,1,0,1,0,0,2,0,1,0,0
