"Cédric Soares",0,1,0,11,0,4,1,2,2,6,1,0,5,8
"Dusan Tadic",4,0,0,1,0,0,0,3,0,1,3,1,1,4
"Fraser Forster",1,0,0,3,0,0,0,4,0,0,0,0,0,0
"Jack Stephens",11,1,4,0,0,1,0,10,0,5,1,0,2,6
"Jay Rodriguez",0,0,0,0,0,0,0,0,0,0,0,0,0,0
"Josh Sims",3,0,0,0,0,0,0,0,0,1,0,2,0,3
"Manolo Gabbiadini",0,0,0,0,0,0,0,0,0,0,1,0,0,1
"Maya Yoshida",3,3,3,7,0,0,0,0,1,16,6,0,1,5
"Nathan Redmond",2,3,1,1,0,0,0,2,0,0,2,1,1,4
"Oriol Romeu",4,2,2,6,0,1,1,6,4,0,3,2,2,9
"Ryan Bertrand",0,5,0,3,0,0,0,6,3,2,0,0,2,4
"Shane Long",1,0,0,0,0,1,0,0,2,0,1,0,0,0
"Sofiane Boufal",6,0,0,0,0,0,1,0,2,1,1,0,0,0
"Steven Davis",10,5,0,5,1,0,0,9,4,4,4,1,2,0
