"Adnan Januzaj",0,3,2,0,1,0,2,0,0,0,0,1,0
"Billy Jones",6,0,0,1,0,2,4,0,1,2,0,2,1
"Bryan Oviedo",1,0,0,4,1,1,2,6,1,0,1,5,0
"Darron Gibson",2,2,7,0,0,0,2,3,0,3,2,2,0
"Didier Ndong",0,2,1,0,0,0,1,0,0,1,0,0,0
"Fabio Borini",3,1,2,1,2,0,2,0,0,0,0,1,0
"Jack Rodwell",0,5,2,1,0,3,0,1,0,1,0,4,0
"Jason Denayer",0,0,3,1,0,1,0,0,0,5,6,2,0
"Jermain Defoe",0,1,0,2,0,0,0,0,0,0,0,1,0
"John O'Shea",0,1,0,1,1,0,2,1,1,0,5,1,0
"Jordan Pickford",0,2,1,0,0,2,0,1,0,1,0,0,0
"Sebastian Larsson",0,2,4,2,0,1,2,1,0,0,0,0,0
"Wahbi Khazri",0,0,0,0,0,0,0,0,0,0,0,0,0
