"Ben Davies",0,3,5,5,2,0,11,0,0,2,1,8,0,3
"Christian Eriksen",6,0,5,12,1,0,6,1,10,1,7,2,7,6
"Dele Alli",5,4,0,1,4,1,3,0,2,3,0,4,1,1
"Eric Dier",7,18,6,0,2,2,7,0,3,3,0,1,5,5
"Harry Kane",0,5,3,0,0,0,1,0,4,0,2,2,0,0
"Hugo Lloris",0,1,0,3,0,0,0,0,1,1,1,0,6,0
"Jan Vertonghen",8,6,3,11,3,4,0,0,2,6,0,2,5,3
"Kieran Trippier",0,0,0,0,0,0,0,0,1,0,0,0,0,0
"Kyle Walker",1,11,2,8,2,1,2,0,0,4,8,0,7,3
"Mousa Dembélé",1,3,2,6,3,0,4,0,3,0,0,0,1,5
"Moussa Sissoko",1,8,0,1,2,0,0,0,7,0,0,0,0,0
"Son Heung-Min",6,5,5,2,0,0,1,0,0,0,0,0,0,0
"Toby Alderweireld",1,5,0,5,2,1,8,0,4,1,3,0,0,2
"Victor Wanyama",6,7,1,4,0,0,0,0,6,2,0,0,3,0
