"Ahmed Musa",0,0,0,1,0,0,0,0,0,0,0,0,0,0
"Andy King",1,0,2,3,2,2,0,3,1,2,1,0,1,2
"Christian Fuchs",0,2,0,4,0,1,1,1,8,3,1,3,1,1
"Daniel Amartey",1,2,2,0,3,0,1,5,3,2,0,0,2,2
"Islam Slimani",0,2,0,0,0,0,0,2,0,2,0,0,0,2
"Jamie Vardy",0,1,2,2,1,0,0,1,0,0,0,0,1,0
"Leonardo Ulloa",0,1,0,0,0,1,0,0,0,0,0,0,0,0
"Luis Hernández",0,7,1,7,3,2,0,0,2,4,2,2,1,1
"Marc Albrighton",0,0,5,0,2,1,0,1,0,3,1,1,2,0
"Riyad Mahrez",0,1,2,2,1,2,0,5,1,0,0,0,0,0
"Robert Huth",0,0,1,1,1,1,0,0,0,0,0,2,0,2
"Ron-Robert Zieler",0,0,0,0,0,0,2,1,0,0,0,0,0,0
"Shinji Okazaki",0,1,0,2,0,0,0,0,2,2,0,0,0,0
"Wes Morgan",0,1,1,1,0,0,0,2,2,1,2,0,2,0
