"César Azpilicueta",0,1,7,3,1,2,1,0,12,7,4,5,6,2
"Cesc Fàbregas",2,0,1,0,1,0,0,0,0,1,2,1,0,2
"David Luiz",17,1,0,0,2,9,2,0,2,4,1,0,0,2
"Diego Costa",1,0,3,0,7,0,0,0,1,1,6,0,0,3
"Eden Hazard",2,2,1,9,0,2,6,0,3,9,4,0,4,3
"Gary Cahill",3,1,9,1,6,0,9,0,0,5,5,8,0,0
"Marcos Alonso",0,0,2,1,7,5,0,0,3,4,1,0,0,0
"Michy Batshuayi",0,0,0,0,0,0,0,0,0,0,0,0,0,0
"N'Golo Kanté",3,0,4,4,4,2,1,0,0,4,3,0,4,0
"Nemanja Matic",4,1,5,5,11,11,6,0,3,0,7,0,0,1
"Pedro",1,0,3,1,9,10,1,0,6,6,0,0,1,0
"Thibaut Courtois",4,0,2,0,0,1,0,1,0,1,0,0,0,0
"Victor Moses",9,0,1,0,3,0,0,0,2,0,2,1,0,1
"Willian",0,2,0,1,1,0,0,0,1,3,1,0,1,0
