"Abel Hernández",0,0,0,0,0,0,0,0,0,0,0,0,1,0
"Andrea Ranocchia",0,0,0,1,0,0,0,0,0,0,0,0,0,0
"Andrew Robertson",0,0,0,1,0,0,3,0,0,0,0,1,4,5
"David Meyler",0,0,0,0,2,4,0,0,4,3,0,6,0,4
"Eldin Jakupovic",0,0,0,0,0,0,0,0,0,1,0,0,0,1
"Evandro",0,0,1,1,0,0,2,2,3,1,0,2,1,2
"Harry Maguire",0,0,4,0,2,1,0,0,0,0,0,0,5,7
"Josh Tymon",0,0,3,0,0,1,1,0,0,0,0,0,3,0
"Lazar Markovic",0,0,1,6,0,3,0,0,0,0,0,0,3,2
"Michael Dawson",0,0,0,1,1,1,4,1,2,0,0,0,2,4
"Omar Elabdellaoui",0,0,0,0,0,0,0,0,0,0,0,0,0,1
"Oumar Niasse",0,0,1,2,0,0,1,0,2,0,0,0,0,1
"Sam Clucas",0,0,3,1,0,4,5,5,2,1,0,1,0,5
"Tom Huddlestone",1,1,6,7,1,2,4,2,2,1,0,1,7,0
