"Ahmed Musa",0,0,1,1,1,1,0,1,0,0,0,0,0,0
"Andy King",2,0,10,1,3,0,4,2,4,2,1,0,1,2
"Christian Fuchs",0,11,0,5,1,3,4,1,9,2,4,0,1,0
"Daniel Amartey",2,7,5,0,1,1,5,1,1,1,2,0,0,3
"Danny Simpson",2,2,2,2,0,0,3,1,0,8,0,1,0,1
"Demarai Gray",0,0,1,1,1,0,0,0,0,0,0,1,0,0
"Islam Slimani",0,2,1,5,0,0,0,1,2,7,0,0,0,0
"Jamie Vardy",0,1,4,2,1,0,1,0,2,2,0,0,0,0
"Marc Albrighton",0,2,4,0,2,0,1,4,0,1,0,0,1,0
"Riyad Mahrez",0,2,0,4,8,0,5,2,2,0,0,0,0,2
"Robert Huth",0,1,6,1,1,0,1,1,0,0,0,2,0,1
"Ron-Robert Zieler",0,1,0,0,0,0,1,0,0,0,2,0,0,0
"Shinji Okazaki",0,0,2,0,0,0,0,0,0,0,0,0,0,0
"Wes Morgan",0,1,1,2,1,0,0,2,1,1,1,0,0,0
