"Aaron Cresswell",0,2,4,0,0,2,6,3,0,6,0,3,1,1
"André Ayew",0,0,1,0,0,0,0,0,0,1,2,0,0,0
"Angelo Ogbonna",5,0,0,0,5,0,2,0,0,0,0,1,1,1
"Cheikhou Kouyaté",0,2,0,0,1,1,0,0,1,1,4,0,0,0
"Darren Randolph",0,0,0,0,0,2,1,0,0,1,1,0,0,0
"Diafra Sakho",1,1,0,0,0,0,0,0,0,5,0,0,0,0
"Dimitri Payet",6,0,1,0,1,1,0,1,0,3,2,3,1,0
"Edimilson Fernandes",0,0,2,0,0,0,2,0,1,0,1,0,0,0
"Håvard Nordtveit",1,0,0,0,0,0,0,0,0,0,0,0,0,0
"Manuel Lanzini",4,1,4,0,0,0,3,2,0,0,3,5,3,3
"Michail Antonio",1,2,0,0,4,0,1,0,0,3,0,4,1,1
"Pedro Obiang",4,0,0,2,0,0,4,1,0,1,4,0,1,0
"Simone Zaza",2,0,1,0,0,0,4,1,0,1,0,1,0,0
"Winston Reid",0,0,1,1,0,0,2,1,0,2,1,2,0,0
