"Aaron Ramsey",0,0,3,2,1,0,0,1,0,0,2,0,0,0
"Alex Oxlade-Chamberlain",0,0,6,0,3,0,0,7,1,3,0,0,1,1
"Alexis Sánchez",2,3,0,3,6,1,0,4,3,2,1,0,1,1
"Gabriel",0,1,0,0,3,2,0,2,8,1,1,0,3,4
"Granit Xhaka",0,4,8,1,0,7,1,4,12,3,0,0,2,0
"Laurent Koscielny",0,0,1,0,8,0,0,0,3,10,0,3,7,0
"Mathieu Debuchy",0,0,0,0,1,0,0,3,1,0,0,0,1,4
"Mesut Özil",2,3,9,3,1,0,2,0,2,5,1,0,0,1
"Mohamed Elneny",0,2,1,4,5,5,2,8,0,4,0,0,5,3
"Nacho Monreal",0,15,2,0,5,6,0,4,1,0,1,1,1,0
"Olivier Giroud",4,0,0,0,0,0,0,1,0,1,0,1,0,0
"Petr Cech",0,0,0,0,0,1,0,1,0,0,0,0,5,2
"Shkodran Mustafi",2,0,1,3,4,7,1,3,7,0,1,5,0,2
"Theo Walcott",0,0,4,1,1,0,2,2,2,0,0,0,3,0
