"Christian Eriksen",0,3,1,3,0,0,1,2,14,2,0,5,4
"Danny Rose",2,0,2,0,2,0,0,7,0,5,0,0,2
"Dele Alli",4,6,0,0,0,1,0,4,0,0,0,0,1
"Eric Dier",10,0,0,0,0,0,5,3,7,1,0,4,7
"Harry Kane",2,0,2,0,0,0,0,2,1,0,1,0,1
"Harry Winks",1,0,0,0,2,0,0,0,0,0,0,0,0
"Hugo Lloris",0,0,1,6,1,0,0,2,4,1,1,2,2
"Jan Vertonghen",3,5,6,2,3,0,2,0,3,5,0,5,9
"Kyle Walker",11,0,2,5,3,1,2,2,0,2,0,1,5
"Mousa Dembélé",1,6,5,3,1,0,0,6,1,0,0,1,5
"Moussa Sissoko",0,0,0,0,0,0,0,0,0,0,0,0,0
"Toby Alderweireld",1,2,1,5,0,0,5,7,5,1,0,0,1
"Victor Wanyama",6,0,0,8,0,0,2,7,4,9,0,5,0
