"Adnan Januzaj",0,1,2,0,0,0,1,0,0,0,0,1,0,0
"Billy Jones",1,0,0,6,5,2,0,1,0,1,3,1,0,0
"Bryan Oviedo",0,1,0,1,3,1,3,2,1,0,0,7,3,0
"Darron Gibson",0,5,1,0,3,0,3,1,0,1,0,2,1,0
"Didier Ndong",2,4,1,5,0,4,1,1,0,0,0,1,0,0
"Jack Rodwell",1,3,1,0,2,0,3,1,0,0,4,3,0,0
"Jason Denayer",0,1,5,4,1,1,0,0,0,0,2,1,1,1
"Jermain Defoe",0,0,0,2,1,2,0,0,0,0,0,3,0,0
"John O'Shea",0,0,0,0,2,0,0,0,0,0,1,1,0,1
"Joleon Lescott",1,0,0,0,1,0,0,0,0,0,0,0,0,0
"Lamine Koné",0,2,0,0,1,1,0,0,1,0,0,2,0,0
"Sebastian Larsson",3,0,3,2,1,5,3,5,1,0,0,0,0,1
"Steven Pienaar",0,0,3,0,0,0,0,0,0,0,0,1,0,0
"Vito Mannone",0,2,0,0,0,0,1,0,0,0,0,0,0,0
