"Ben Foster",0,0,1,0,1,0,2,0,3,1,1,0,0
"Claudio Yacob",0,0,0,7,3,0,4,0,7,1,2,1,1
"Craig Dawson",0,1,0,6,0,0,0,1,0,3,2,0,2
"Darren Fletcher",1,5,5,0,1,1,0,3,6,3,4,1,1
"Gareth McAuley",2,2,0,2,0,1,0,0,2,1,0,0,1
"Hal Robson-Kanu",0,0,1,0,0,0,0,0,0,0,0,0,0
"James McClean",0,1,0,0,0,0,0,0,0,0,4,5,2
"James Morrison",0,0,0,3,0,1,0,0,1,1,2,0,0
"Jonny Evans",5,5,1,7,3,0,2,2,0,0,3,1,0
"Matt Phillips",0,1,3,2,0,0,0,0,0,0,2,2,0
"Nacer Chadli",1,2,1,4,1,0,1,1,4,1,0,3,4
"Nyom",0,2,0,1,0,0,4,0,5,0,2,0,4
"Salomón Rondón",0,1,0,5,0,0,2,2,0,0,1,0,0
