"César Azpilicueta",0,8,3,0,2,0,5,0,7,0,7,2,0
"Cesc Fàbregas",3,0,1,0,3,3,1,2,4,2,8,1,0
"David Luiz",6,1,0,0,0,3,1,1,2,1,4,5,1
"Diego Costa",1,2,1,0,2,1,0,1,1,0,2,0,0
"Eden Hazard",5,5,0,3,0,0,0,2,1,0,3,0,0
"Gary Cahill",1,0,5,1,2,0,0,8,3,0,0,3,0
"Kurt Zouma",4,3,1,1,1,3,0,1,1,0,0,2,0
"Marcos Alonso",0,5,0,1,7,7,0,0,8,9,1,0,0
"N'Golo Kanté",3,3,3,6,5,3,3,7,0,1,2,1,0
"Nemanja Matic",0,1,1,3,1,1,0,5,3,0,0,2,0
"Pedro",9,2,2,0,0,0,2,3,2,2,0,0,1
"Thibaut Courtois",2,0,2,0,0,2,1,4,0,0,0,0,0
"Willian",1,0,2,0,0,0,0,0,0,0,0,0,0
