"Allan Nyom",0,0,0,1,1,0,0,3,1,9,1,3,1,2
"Ben Foster",0,0,0,1,0,0,0,1,2,1,2,0,0,0
"Chris Brunt",1,1,0,0,1,0,2,3,1,4,1,0,2,0
"Craig Dawson",1,2,0,0,9,1,0,4,1,1,5,0,4,1
"Darren Fletcher",0,0,1,1,0,1,0,6,0,1,2,2,3,0
"Gareth McAuley",1,0,0,1,0,0,0,1,0,1,1,0,0,4
"Hal Robson-Kanu",2,0,1,0,0,0,0,0,2,1,0,0,0,0
"Jake Livermore",3,0,3,6,1,0,1,0,0,6,7,2,5,2
"James McClean",0,0,1,0,0,0,2,0,0,1,0,0,1,1
"James Morrison",5,1,1,3,1,1,1,8,2,0,2,2,2,2
"Jonny Evans",1,5,3,7,1,3,0,6,0,0,0,3,3,1
"Matt Phillips",2,0,0,1,0,0,0,1,0,3,1,0,0,0
"Nacer Chadli",3,0,4,4,3,0,0,2,1,4,0,1,0,2
"Salomón Rondón",1,0,0,0,0,0,0,2,0,2,0,1,0,0
