"Ahmed Musa",0,0,4,0,4,0,0,0,0,0,0,0,0,0
"Andy King",0,0,2,0,1,0,0,0,0,0,0,0,0,0
"Christian Fuchs",0,2,0,5,17,1,5,1,6,0,4,1,3,1
"Daniel Amartey",4,0,7,0,16,0,0,3,0,9,5,1,1,1
"Daniel Drinkwater",0,0,19,13,0,1,4,5,1,19,2,3,3,7
"Islam Slimani",0,0,0,1,1,0,0,0,0,0,0,0,0,0
"Jamie Vardy",0,0,0,1,3,0,0,1,0,1,3,0,0,0
"Jeffrey Schlupp",4,0,1,4,3,0,2,0,0,1,1,0,1,0
"Kasper Schmeichel",0,0,2,0,2,0,0,1,0,4,0,0,2,0
"Luis Hernández",0,0,0,8,20,1,2,3,3,0,1,2,1,2
"Marc Albrighton",1,0,1,1,3,0,0,0,0,3,0,0,0,0
"Riyad Mahrez",0,1,1,1,3,0,0,0,0,1,0,0,0,0
"Robert Huth",0,0,4,1,4,0,0,3,3,0,0,1,0,3
"Wes Morgan",0,0,1,5,6,1,1,0,1,5,1,0,1,0
