"Ander Herrera",0,12,2,7,6,3,12,10,7,1,3,3,13,4
"Antonio Valencia",19,0,0,0,0,3,6,12,17,0,1,1,9,4
"Ashley Young",1,0,0,0,0,0,0,0,0,0,0,0,0,3
"Chris Smalling",1,0,0,0,10,1,7,1,0,8,1,2,6,0
"Daley Blind",4,0,0,2,0,1,0,9,2,0,4,1,2,3
"David de Gea",1,0,0,1,0,0,0,0,0,0,0,0,1,0
"Eric Bailly",8,11,0,8,1,1,0,0,3,1,0,0,3,0
"Henrikh Mkhitaryan",14,4,1,1,4,0,2,0,5,0,1,1,6,10
"Juan Mata",12,14,0,1,0,0,2,3,0,0,1,0,7,4
"Marcos Rojo",1,0,0,2,0,0,0,1,2,0,2,0,7,4
"Marcus Rashford",0,0,0,0,2,0,0,1,2,2,0,1,9,4
"Marouane Fellaini",3,0,0,2,4,0,1,0,0,0,0,0,0,2
"Paul Pogba",12,12,1,10,2,2,4,5,4,6,3,1,0,11
"Zlatan Ibrahimovic",3,5,1,1,0,0,3,5,3,2,4,2,10,0
