"Adnan Januzaj",0,1,1,0,2,0,0,0,0,2,2,1,0,0
"Billy Jones",2,0,1,10,9,0,0,1,0,8,1,3,2,0
"Bryan Oviedo",3,0,0,9,4,1,7,3,0,0,10,6,0,1
"Darron Gibson",1,5,5,0,3,0,5,0,3,5,7,4,1,0
"Didier Ndong",1,10,6,3,0,0,3,3,0,4,2,7,0,0
"Fabio Borini",0,0,2,1,2,0,1,0,0,0,0,0,0,1
"Jason Denayer",1,0,8,3,2,1,0,1,2,6,4,2,7,2
"Jermain Defoe",0,0,2,4,3,0,0,0,0,0,1,1,0,0
"John O'Shea",0,1,0,4,0,0,2,0,0,5,0,0,2,0
"Lamine Koné",1,8,1,5,4,0,2,0,1,0,3,0,5,0
"Sebastian Larsson",0,1,8,5,2,0,4,1,3,2,0,1,0,0
"Steven Pienaar",3,1,9,0,2,1,1,0,0,1,1,0,0,2
"Vito Mannone",0,2,0,1,0,0,5,0,0,1,3,0,0,0
"Wahbi Khazri",0,1,0,0,2,0,0,0,0,1,0,0,0,0
