"Adam Smith",0,4,1,1,1,0,4,1,0,3,7,16,1
"Andrew Surman",7,0,0,1,10,3,8,8,5,0,5,8,5
"Artur Boruc",1,1,0,0,0,0,1,1,0,1,1,7,2
"Callum Wilson",0,0,0,0,1,0,0,2,1,0,0,0,1
"Charlie Daniels",0,10,1,2,0,0,9,1,4,0,2,0,3
"Dan Gosling",1,0,0,0,0,0,2,0,0,1,0,1,0
"Harry Arter",2,14,3,2,10,0,0,0,1,1,3,6,9
"Jack Wilshere",2,6,0,0,2,0,5,0,0,0,6,4,0
"Jordon Ibe",0,2,0,0,2,0,3,1,0,0,0,1,1
"Joshua King",2,0,0,0,0,2,0,2,0,0,0,0,0
"Junior Stanislas",9,8,0,1,0,0,3,2,2,1,0,2,0
"Simon Francis",8,7,8,0,1,0,3,5,2,0,7,0,9
"Steve Cook",0,0,4,0,8,0,10,0,1,0,2,7,0
