"César Azpilicueta",0,1,8,0,3,1,1,0,7,6,2,1,7,0
"Cesc Fàbregas",0,0,0,1,0,0,0,1,0,0,0,0,0,1
"David Luiz",5,0,0,2,0,1,0,2,1,3,2,4,2,0
"Diego Costa",2,0,1,0,2,1,0,0,2,3,2,0,0,1
"Eden Hazard",2,0,0,5,0,2,0,2,2,3,6,1,4,0
"Gary Cahill",2,0,4,1,2,0,0,1,0,2,0,6,2,0
"Kurt Zouma",1,0,0,0,0,0,0,0,1,0,0,0,0,0
"Marcos Alonso",0,1,1,1,5,5,0,0,2,7,2,0,0,2
"N'Golo Kanté",4,0,1,0,4,1,0,2,0,6,10,0,6,0
"Nemanja Matic",1,2,2,2,6,4,0,8,6,0,3,2,0,1
"Pedro",3,0,0,2,5,1,0,2,6,3,0,0,3,0
"Thibaut Courtois",2,0,1,0,1,1,0,1,0,2,0,0,0,0
"Victor Moses",10,0,4,4,1,1,0,1,4,2,5,0,0,0
"Willian",0,1,0,1,0,0,0,1,0,1,0,0,0,0
