"Christian Eriksen",0,9,7,3,4,4,0,1,4,1,2,5,1
"Danny Rose",13,0,6,6,12,4,0,8,2,0,0,4,0
"Dele Alli",5,5,0,0,3,0,0,3,6,0,3,3,1
"Eric Dier",2,3,2,0,0,1,0,3,2,1,7,2,0
"Erik Lamela",7,6,5,4,0,3,1,0,4,0,0,4,1
"Harry Kane",2,3,4,1,1,0,0,0,2,0,1,1,1
"Hugo Lloris",0,2,0,0,0,0,0,1,1,0,2,0,0
"Jan Vertonghen",4,13,0,1,0,1,2,0,3,3,8,1,0
"Kyle Walker",6,1,1,3,8,3,2,0,0,2,10,2,1
"Michel Vorm",1,3,0,1,1,0,0,2,0,0,4,0,0
"Toby Alderweireld",3,4,1,2,7,1,1,8,7,5,0,1,0
"Victor Wanyama",3,9,2,0,3,1,0,2,3,0,4,0,0
"Vincent Janssen",0,0,2,0,0,0,0,0,1,0,0,1,0
