"Ben Davies",0,5,9,0,3,1,8,0,2,0,0,0,1,2
"Christian Eriksen",6,0,5,4,8,0,2,4,3,0,0,1,2,2
"Dele Alli",0,11,0,0,3,0,2,3,2,4,2,1,1,1
"Eric Dier",6,5,4,0,3,4,7,5,9,1,1,10,3,5
"Harry Winks",5,3,2,2,0,1,2,3,0,0,0,2,7,1
"Hugo Lloris",3,0,0,7,1,0,3,2,1,1,0,1,1,0
"Jan Vertonghen",8,2,1,2,1,7,0,1,3,0,0,6,1,4
"Kieran Trippier",0,6,1,14,2,5,0,0,11,7,0,4,2,4
"Mousa Dembélé",0,6,5,12,0,1,2,8,0,0,0,4,0,0
"Moussa Sissoko",0,3,2,1,0,0,0,8,1,0,1,1,0,0
"Son Heung-Min",0,0,0,0,0,0,0,1,0,1,0,0,0,0
"Toby Alderweireld",1,1,2,9,0,4,8,2,3,1,0,0,2,0
"Victor Wanyama",0,0,1,7,2,0,1,6,0,0,0,2,0,1
"Vincent Janssen",3,2,3,1,2,0,1,3,0,0,0,0,0,0
