"Andre Gray",0,0,0,0,0,0,1,0,0,0,1,0,0,0
"Ashley Barnes",0,0,0,0,0,0,1,1,0,0,2,1,2,0
"Ashley Westwood",0,0,0,0,1,0,0,1,0,0,0,0,0,0
"Ben Mee",0,2,0,0,0,1,1,3,0,3,3,1,6,1
"Daniel Agyei",0,0,0,0,0,1,0,0,0,0,0,0,0,0
"George Boyd",0,1,0,0,0,0,3,4,1,0,2,0,0,0
"Jeff Hendrick",0,0,0,3,0,0,0,2,2,5,2,1,1,0
"Joey Barton",0,1,1,5,0,2,3,0,2,8,6,2,6,0
"Matthew Lowton",0,1,2,1,0,1,1,5,0,1,0,1,0,1
"Michael Keane",1,4,0,1,0,0,4,0,6,0,0,2,0,3
"Robbie Brady",0,1,0,1,0,0,2,5,0,1,0,1,5,0
"Sam Vokes",0,0,0,0,0,0,1,1,1,0,1,0,1,0
"Stephen Ward",1,0,0,5,0,0,2,3,0,2,4,0,0,0
"Tom Heaton",0,3,0,0,1,0,0,1,0,1,0,1,0,0
