"Aleksandar Kolarov",0,0,6,2,5,16,0,1,1,9,1,1,9
"Bacary Sagna",1,0,0,4,5,0,0,3,1,4,0,4,8
"Claudio Bravo",4,0,0,0,0,0,0,1,0,3,0,0,0
"David Silva",1,4,0,0,3,4,0,9,7,1,2,4,8
"Fernando",9,2,0,3,0,8,0,5,2,5,5,3,10
"Gaël Clichy",16,0,0,5,12,0,0,6,1,3,0,2,9
"Jesús Navas",0,0,1,0,0,0,0,0,0,0,0,0,0
"Kevin De Bruyne",0,4,0,6,4,7,0,0,3,1,0,0,8
"Leroy Sané",1,0,0,3,1,4,0,2,0,5,0,1,2
"Nicolás Otamendi",16,6,1,2,3,4,1,0,1,0,8,2,9
"Pablo Zabaleta",0,0,0,2,2,0,0,1,5,9,0,0,9
"Raheem Sterling",0,5,0,6,1,1,0,1,2,0,1,0,5
"Yaya Touré",9,6,0,10,7,6,2,13,4,11,5,7,0
