"Ben Davies",0,1,2,7,3,0,2,0,2,0,4,0,3,0
"Christian Eriksen",0,0,1,3,1,0,0,5,0,0,2,1,2,0
"Dele Alli",1,0,0,0,4,0,1,2,1,1,1,1,1,0
"Eric Dier",4,1,3,0,1,3,9,4,5,0,2,8,3,1
"Harry Kane",2,0,1,1,0,0,0,1,2,0,3,3,2,0
"Harry Winks",1,0,0,3,0,0,0,1,0,1,0,1,2,0
"Hugo Lloris",2,0,2,4,4,0,0,2,0,0,0,5,1,0
"Kyle Walker",0,9,2,0,1,2,3,0,0,2,2,2,12,0
"Mousa Dembélé",3,1,3,5,1,0,0,0,0,0,3,0,2,0
"Moussa Sissoko",0,0,0,0,0,1,0,2,0,0,1,1,0,0
"Son Heung-Min",4,1,0,0,2,0,0,0,1,1,0,1,1,0
"Toby Alderweireld",2,0,1,10,0,1,6,6,1,2,0,0,1,0
"Victor Wanyama",3,3,3,1,1,1,0,6,3,0,1,4,0,0
"Vincent Janssen",0,0,0,1,0,0,0,0,0,1,0,0,0,0
