"Andre Gray",0,0,2,0,0,0,0,0,2,0,0,1,1,0
"Ashley Barnes",0,0,3,0,1,1,0,0,3,0,4,1,0,0
"Ashley Westwood",1,2,0,0,3,6,1,6,12,0,1,3,4,1
"George Boyd",0,0,1,0,1,2,0,0,1,0,0,0,1,0
"James Tarkowski",0,1,6,1,0,2,0,4,2,0,0,0,6,4
"Jeff Hendrick",2,3,6,0,7,0,0,4,4,1,0,0,5,1
"Johann Berg Gudmundsson",0,0,1,0,0,0,0,0,0,0,0,0,1,0
"Kevin Long",0,0,4,0,3,2,1,0,6,1,2,0,1,2
"Matthew Lowton",1,3,9,2,2,7,0,3,0,1,7,2,1,7
"Robbie Brady",0,0,0,0,0,4,1,1,0,0,0,0,1,0
"Sam Vokes",1,1,2,1,0,1,0,0,3,0,0,2,1,0
"Scott Arfield",2,3,2,0,1,1,0,0,1,0,0,0,3,0
"Stephen Ward",0,1,6,1,3,7,1,1,2,4,5,0,0,2
"Tom Heaton",1,1,0,0,0,0,0,2,0,0,4,0,0,0
