"Alfie Mawson",0,7,2,0,1,0,5,10,1,5,7,0,8,1
"Angel Rangel",8,0,5,1,2,0,13,8,2,3,5,5,2,1
"Borja Bastón",1,6,0,0,2,1,3,2,1,0,1,0,2,1
"Fernando Llorente",0,1,0,0,2,0,0,0,0,0,0,0,1,1
"Gylfi Sigurdsson",1,3,2,0,0,1,1,2,2,0,1,1,2,0
"Jefferson Montero",0,2,1,0,2,0,0,0,0,0,0,0,1,0
"Ki Sung-yueng",10,11,3,0,1,0,0,5,0,0,5,1,5,1
"Leon Britton",6,12,1,4,2,0,5,0,0,1,8,0,5,0
"Leroy Fer",3,2,0,0,0,0,1,0,0,0,0,0,3,0
"Lukasz Fabianski",4,0,0,0,0,0,1,0,0,0,4,0,1,0
"Mike van der Hoorn",5,5,2,3,1,1,2,4,1,2,0,0,2,2
"Modou Barrow",0,6,1,0,0,0,0,0,2,0,0,0,0,0
"Stephen Kingsley",9,0,1,1,4,4,8,7,3,1,1,0,0,0
"Wayne Routledge",0,0,0,4,0,0,0,1,0,0,0,0,0,0
