"Alfie Mawson",0,0,5,5,2,1,0,1,1,2,4,0,2,1
"Borja Bastón",0,0,0,0,0,1,0,0,0,0,0,0,0,0
"Federico Fernández",5,0,0,0,0,2,4,5,0,5,0,0,2,1
"Fernando Llorente",1,0,0,0,2,1,2,2,0,0,1,0,2,0
"Gylfi Sigurdsson",2,0,0,2,0,0,0,1,0,0,2,0,1,2
"Jack Cork",4,0,6,0,1,0,3,3,0,1,5,0,0,0
"Kyle Naughton",0,0,4,4,0,6,0,7,2,0,0,0,1,4
"Leroy Fer",2,0,5,2,2,5,3,0,0,0,2,0,4,1
"Luciano Narsingh",0,0,0,0,0,0,1,1,0,0,0,0,0,0
"Lukasz Fabianski",1,0,1,3,0,0,3,1,0,0,2,0,1,0
"Martin Olsson",5,2,0,0,3,2,0,2,0,1,0,3,5,1
"Nathan Dyer",0,1,0,0,1,1,0,0,0,0,1,0,0,0
"Tom Carroll",0,0,0,0,2,0,0,2,0,0,2,0,0,1
"Wayne Routledge",0,0,0,0,0,1,2,0,0,0,0,0,0,0
