"Ander Herrera",0,24,3,0,10,8,15,2,0,9,5,14,0,2
"Antonio Valencia",24,0,1,3,6,6,1,0,0,1,2,7,1,3
"David de Gea",1,2,0,0,0,2,2,1,0,1,0,1,0,1
"Henrikh Mkhitaryan",2,0,0,0,2,0,0,0,0,3,4,0,0,2
"Jesse Lingard",16,4,0,0,0,2,1,1,0,4,5,1,1,3
"Juan Mata",8,3,0,0,1,0,8,2,0,3,3,3,0,3
"Marcos Rojo",7,1,2,0,1,4,0,1,0,11,13,12,1,4
"Marcus Rashford",4,0,0,0,1,1,1,0,0,2,5,0,0,2
"Marouane Fellaini",0,0,0,0,0,0,0,0,0,1,0,0,0,0
"Matteo Darmian",6,1,1,3,4,4,13,5,0,0,13,2,2,2
"Paul Pogba",9,6,1,4,5,4,4,6,0,10,0,2,3,3
"Phil Jones",14,12,5,0,2,0,11,0,0,0,2,0,0,0
"Wayne Rooney",1,0,0,0,0,0,0,0,0,2,1,0,0,2
"Zlatan Ibrahimovic",1,3,0,1,1,1,0,0,0,3,6,0,1,0
