"Ahmed Musa",0,1,4,1,4,1,1,1,0,0,1,2,1,0
"Andy King",1,0,5,0,8,5,0,0,1,0,2,4,0,1
"Christian Fuchs",4,6,0,0,10,1,7,0,4,0,5,3,2,5
"Daniel Amartey",1,0,1,0,4,1,0,0,0,1,2,3,0,0
"Daniel Drinkwater",0,7,20,1,0,5,5,1,1,0,6,8,0,5
"Danny Simpson",1,3,1,1,7,0,0,3,1,0,2,7,0,1
"Demarai Gray",4,2,2,0,3,0,0,0,0,0,0,2,0,0
"Jamie Vardy",0,0,0,0,2,0,0,0,0,0,0,1,0,2
"Kasper Schmeichel",0,0,2,0,0,1,0,0,0,0,3,1,0,4
"Leonardo Ulloa",0,0,0,0,0,0,0,0,0,0,0,0,0,0
"Luis Hernández",0,5,2,1,7,8,0,0,2,0,0,7,1,3
"Riyad Mahrez",3,2,2,3,11,4,1,1,0,0,3,0,1,0
"Shinji Okazaki",1,0,0,2,0,0,0,0,0,0,0,0,0,0
"Wes Morgan",1,0,4,1,8,0,1,0,3,0,6,0,0,0
