"César Azpilicueta",0,26,13,6,3,5,2,3,15,0,7,1,5,2
"Cesc Fàbregas",14,0,10,6,6,8,0,3,5,1,2,0,11,4
"David Luiz",14,9,0,1,2,27,0,3,4,1,1,3,1,0
"Diego Costa",2,3,1,0,12,0,0,3,2,3,4,0,0,0
"Eden Hazard",3,6,0,7,0,3,0,14,5,1,1,0,4,0
"Gary Cahill",5,5,12,2,9,0,0,16,16,1,5,6,0,0
"Kurt Zouma",1,0,1,0,0,0,0,0,0,1,0,0,0,0
"Marcos Alonso",0,3,3,4,13,19,0,0,10,0,1,0,0,1
"N'Golo Kanté",15,12,11,4,4,7,0,8,0,2,2,2,3,1
"Nemanja Matic",0,3,1,2,2,0,0,3,2,0,0,0,0,1
"Pedro",1,5,1,2,1,2,0,2,5,0,0,0,1,0
"Thibaut Courtois",4,3,0,0,0,1,2,2,0,0,0,0,0,0
"Victor Moses",23,1,7,3,3,0,0,1,1,0,2,1,0,0
"Willian",1,1,0,0,0,1,0,1,1,1,0,0,0,0
