"Alfie Mawson",0,1,6,1,1,7,1,2,2,1,2,2,2,2
"Angel Rangel",3,0,2,1,0,1,0,0,4,0,1,0,1,3
"Federico Fernández",3,3,0,0,0,1,0,6,3,1,2,0,1,4
"Fernando Llorente",0,0,0,0,3,1,0,0,0,0,0,0,1,0
"Gylfi Sigurdsson",0,2,0,2,0,2,1,0,2,0,0,5,4,0
"Jack Cork",7,0,4,0,1,0,0,4,6,2,0,2,4,0
"Jordan Ayew",0,0,0,0,1,2,0,0,0,0,0,1,2,0
"Jordi Amat",0,0,6,0,0,4,0,0,6,0,1,2,0,3
"Leroy Fer",3,4,0,1,1,3,1,2,0,0,0,6,3,2
"Luciano Narsingh",0,0,0,0,0,0,0,2,1,0,0,0,1,0
"Lukasz Fabianski",3,0,0,2,0,0,0,0,0,0,0,0,0,0
"Martin Olsson",5,0,0,3,8,6,6,0,0,0,1,0,8,0
"Tom Carroll",3,1,2,1,4,3,0,0,1,0,0,7,0,2
"Wayne Routledge",0,1,2,0,1,0,0,2,3,0,0,1,1,0
