"Cédric Soares",0,1,3,1,4,11,0,0,0,0,1,0,1,5
"Charlie Austin",0,0,3,0,1,2,0,0,0,1,3,1,0,1
"Dusan Tadic",2,2,0,0,1,1,0,0,0,5,6,9,0,3
"Fraser Forster",1,0,0,0,2,0,0,0,2,0,0,0,0,1
"Jack Stephens",5,1,2,3,0,7,0,0,4,0,6,3,1,2
"James Ward-Prowse",6,1,5,0,1,0,0,0,1,6,12,2,1,4
"Jérémy Pied",0,0,0,0,1,0,0,0,0,0,0,0,0,0
"Manolo Gabbiadini",0,0,0,0,0,0,0,0,0,0,1,0,1,0
"Maya Yoshida",1,0,1,2,7,3,0,1,0,0,10,11,0,10
"Nathan Redmond",1,1,2,0,1,0,0,0,0,0,2,11,1,4
"Oriol Romeu",4,4,8,2,5,7,0,1,10,2,0,8,0,16
"Ryan Bertrand",1,2,5,0,4,2,0,0,8,11,11,0,0,7
"Sofiane Boufal",0,0,0,0,0,0,1,0,0,1,4,1,0,1
"Steven Davis",4,7,3,0,3,7,0,1,4,6,4,7,4,0
