"Andy King",0,4,3,1,0,0,2,0,1,1,1,0,0,0
"Christian Fuchs",4,0,4,1,2,2,1,0,3,2,2,1,1,1
"Daniel Drinkwater",3,2,0,17,1,4,1,0,5,13,1,3,5,5
"Danny Simpson",1,0,11,0,1,0,5,2,0,9,0,4,7,1
"Demarai Gray",0,1,0,1,0,0,1,0,0,1,0,1,2,0
"Islam Slimani",2,2,2,1,0,0,0,0,0,3,0,0,0,0
"Jamie Vardy",0,0,2,0,0,0,0,0,1,4,0,1,0,0
"Kasper Schmeichel",0,2,2,0,0,2,0,0,0,1,0,0,0,1
"Marc Albrighton",2,1,2,1,0,3,0,0,0,0,0,0,2,0
"Riyad Mahrez",0,2,9,5,1,2,0,0,0,0,1,7,3,0
"Robert Huth",0,4,1,0,1,2,0,4,0,0,0,0,1,0
"Shinji Okazaki",0,1,7,1,0,0,0,0,0,3,0,0,2,0
"Wilfred Ndidi",0,5,12,3,2,0,0,0,1,2,1,1,0,2
"Yohan Benalouane",0,2,1,6,0,0,0,2,1,0,0,0,1,0
