"Ben Davies",0,3,2,3,2,0,6,1,0,0,2,7,1
"Christian Eriksen",2,0,3,6,12,3,0,0,2,8,6,5,6
"Danny Rose",4,5,0,7,0,2,3,0,8,0,7,3,4
"Dele Alli",2,3,7,0,0,1,0,0,3,5,11,2,5
"Eric Dier",0,9,1,1,0,1,0,7,2,8,10,6,7
"Harry Kane",1,3,0,3,0,0,0,0,1,1,0,1,0
"Harry Winks",4,0,2,0,1,0,0,0,0,0,0,0,3
"Hugo Lloris",4,0,1,0,5,0,0,0,0,0,2,2,0
"Jan Vertonghen",0,6,10,8,2,3,0,1,0,2,13,5,6
"Kyle Walker",2,9,2,2,10,1,0,2,1,0,7,3,10
"Mousa Dembélé",2,9,10,3,6,2,0,2,14,7,0,3,18
"Toby Alderweireld",4,7,0,1,11,0,1,3,8,3,2,0,4
"Victor Wanyama",2,10,1,6,9,1,0,1,8,8,19,5,0
