"Aleksandar Kolarov",0,8,6,1,1,4,3,2,4,2,0,1,0,6
"Claudio Bravo",2,0,0,0,0,1,0,0,0,3,0,0,0,2
"David Silva",6,0,0,0,0,12,0,5,4,2,2,1,1,12
"Fabian Delph",1,0,0,0,1,0,0,0,0,0,0,0,0,1
"Gabriel Jesus",1,0,0,2,0,0,0,1,0,0,0,0,1,0
"Gaël Clichy",7,2,14,0,0,0,0,0,11,0,0,1,2,7
"John Stones",3,0,0,0,0,0,0,0,0,2,0,0,0,1
"Kevin De Bruyne",1,0,5,0,0,2,0,0,2,4,5,4,5,4
"Leroy Sané",0,0,8,0,0,6,0,1,0,0,1,0,0,2
"Nicolás Otamendi",1,3,0,0,0,2,3,5,0,0,5,2,0,1
"Pablo Zabaleta",0,1,0,0,0,1,0,7,1,1,0,10,4,2
"Raheem Sterling",1,0,1,0,0,0,0,8,1,1,2,0,2,2
"Sergio Agüero",1,0,1,0,2,1,0,2,3,1,1,1,0,2
"Yaya Touré",6,2,8,0,1,8,0,6,2,5,5,3,1,0
