"Bojan",0,0,0,3,9,6,11,3,1,0,5,0,1
"Bruno Martins Indi",3,0,0,8,9,1,12,2,0,3,1,0,10
"Charlie Adam",0,1,0,0,1,0,0,0,0,0,0,0,1
"Erik Pieters",6,18,1,0,10,0,8,6,1,0,0,0,1
"Giannelli Imbula",6,3,0,13,0,7,19,8,1,0,1,0,3
"Glen Johnson",8,4,1,1,3,0,7,7,5,0,16,0,7
"Glenn Whelan",5,11,0,9,24,12,0,4,1,2,2,0,3
"Joe Allen",5,0,0,6,6,4,4,0,1,0,5,0,4
"Jonathan Walters",1,0,0,1,1,0,2,4,0,0,1,0,1
"Lee Grant",0,0,0,1,1,2,1,1,0,0,1,0,0
"Mame Biram Diouf",8,1,0,0,2,10,5,2,2,0,0,0,1
"Ramadan Sobhi",0,0,0,0,0,0,0,0,1,0,0,0,0
"Ryan Shawcross",1,6,1,2,3,11,5,1,1,1,0,1,0
