"Adam Lallana",0,0,0,2,1,2,9,0,0,5,4,2,4,10
"Daniel Sturridge",0,0,0,1,1,0,0,0,1,1,0,0,1,0
"Emre Can",0,1,0,1,4,1,0,1,1,3,0,1,2,0
"Georginio Wijnaldum",1,0,0,0,9,4,12,0,0,8,10,2,6,4
"James Milner",2,3,3,9,0,0,8,2,2,0,18,6,9,4
"Joel Matip",4,0,1,3,5,0,7,2,1,13,1,13,6,6
"Jordan Henderson",12,1,0,16,8,13,0,2,0,10,16,12,5,5
"Loris Karius",0,0,1,0,0,5,0,0,0,4,0,6,0,0
"Marko Grujic",0,1,2,0,1,0,0,0,0,1,0,0,2,1
"Nathaniel Clyne",7,2,2,5,1,7,12,2,0,0,6,0,6,16
"Philippe Coutinho",4,0,0,6,11,4,19,0,0,7,0,3,6,4
"Ragnar Klavan",2,0,0,3,11,16,13,5,2,2,9,0,0,0
"Roberto Firmino",7,0,4,6,6,3,6,0,1,4,5,1,0,6
"Sadio Mané",5,0,2,4,1,0,7,0,2,9,6,3,9,0
