"Cédric Soares",0,9,1,11,6,3,2,2,4,2,0,1,3,7
"Dusan Tadic",6,0,0,3,3,0,0,0,2,0,0,1,0,0
"Fraser Forster",1,0,0,0,0,0,4,0,0,1,0,1,0,0
"Jack Stephens",11,3,0,0,3,0,22,2,6,0,0,0,3,6
"Jordy Clasie",3,2,0,6,0,0,9,2,6,5,0,1,2,0
"Josh Sims",1,0,0,0,0,0,0,0,1,0,0,1,1,2
"Maya Yoshida",0,0,7,13,6,0,0,2,11,22,1,1,1,10
"Nathan Redmond",0,0,0,1,1,0,5,0,2,2,0,1,2,1
"Oriol Romeu",10,3,0,9,5,0,7,1,0,4,2,2,5,7
"Ryan Bertrand",1,2,0,1,11,0,11,2,6,0,1,1,1,8
"Sam McQueen",0,0,0,0,0,1,1,0,1,0,0,0,3,0
"Shane Long",2,2,0,0,1,2,0,1,1,0,0,0,0,0
"Sofiane Boufal",1,0,0,0,3,1,0,0,0,6,0,0,0,5
"Steven Davis",10,1,0,8,0,3,7,2,5,5,0,4,0,0
