"Ben Davies",0,3,7,3,2,2,12,0,4,0,10,5,9,0
"Christian Eriksen",5,0,7,5,2,0,2,9,3,1,7,3,6,0
"Dele Alli",2,9,0,4,1,1,3,4,0,0,5,0,1,0
"Eric Dier",2,3,3,0,1,2,4,9,0,0,0,9,8,0
"Harry Kane",4,1,2,0,0,0,0,1,0,1,1,0,2,0
"Hugo Lloris",3,0,1,1,0,0,1,3,0,1,0,6,1,0
"Jan Vertonghen",16,3,1,2,0,3,0,1,2,0,2,6,11,0
"Kieran Trippier",2,16,2,16,4,1,2,0,0,3,0,8,6,0
"Mousa Dembélé",7,2,0,0,0,0,1,0,0,3,2,0,3,0
"Moussa Sissoko",1,1,0,0,0,0,1,5,1,0,1,1,2,0
"Son Heung-Min",8,9,3,1,3,0,1,2,1,2,0,1,2,2
"Toby Alderweireld",3,4,5,4,1,4,6,12,1,1,3,0,2,1
"Victor Wanyama",8,6,4,5,1,1,7,6,3,0,4,8,0,0
"Vincent Janssen",0,0,0,0,0,0,0,0,0,1,0,0,0,0
