"Allan Nyom",0,0,0,1,8,3,0,5,0,5,0,0,1
"Ben Foster",0,0,2,0,0,0,0,0,0,0,2,0,1
"Chris Brunt",1,0,0,0,1,1,0,0,0,3,1,3,6
"Claudio Yacob",1,0,3,0,2,5,1,2,0,1,1,3,2
"Craig Dawson",6,1,0,1,0,1,0,3,0,1,3,2,3
"Darren Fletcher",1,2,5,2,2,0,0,2,1,4,0,0,2
"Hal Robson-Kanu",0,0,1,0,0,0,0,0,0,0,0,0,0
"Jake Livermore",3,1,0,2,1,5,0,0,0,4,1,1,3
"James McClean",1,0,0,0,1,1,0,0,0,1,0,0,0
"James Morrison",5,0,6,2,1,4,0,3,0,0,2,3,0
"Jonny Evans",1,4,1,1,5,0,0,1,1,1,0,4,0
"Marc Wilson",0,0,5,1,0,2,0,3,1,0,3,0,2
"Salomón Rondón",4,0,1,4,0,3,1,1,2,4,0,0,0
