"Alfie Mawson",0,4,0,2,1,3,9,1,4,4,10,1,6,0
"Angel Rangel",4,0,0,3,2,0,1,0,5,1,3,0,0,3
"Borja Bastón",0,1,0,1,1,0,0,0,1,0,0,0,0,0
"Fernando Llorente",0,0,0,0,5,1,4,0,1,0,1,0,2,3
"Gylfi Sigurdsson",1,2,0,2,0,0,4,1,2,0,0,0,6,0
"Jack Cork",0,0,1,0,0,0,0,0,2,0,1,0,0,0
"Ki Sung-yueng",5,0,0,0,5,0,0,3,8,2,16,1,3,1
"Kyle Naughton",0,0,0,2,0,0,1,0,3,1,4,1,0,0
"Leroy Fer",10,4,0,3,4,0,5,0,0,0,9,0,2,2
"Lukasz Fabianski",8,0,0,0,0,0,0,0,0,0,5,0,0,0
"Mike van der Hoorn",12,6,0,6,2,1,10,5,6,6,0,0,1,1
"Modou Barrow",0,0,0,2,1,0,0,0,0,0,0,0,0,0
"Neil Taylor",6,0,1,3,2,0,4,0,4,2,3,0,0,3
"Wayne Routledge",0,2,2,1,1,1,0,0,1,0,0,0,1,0
