"Bojan",0,0,2,0,2,0,0,2,0,2,0,0,0
"Bruno Martins Indi",1,0,7,4,0,1,3,2,4,0,0,0,0
"Charlie Adam",0,8,0,3,1,5,1,6,4,4,4,2,2
"Erik Pieters",0,6,4,0,2,1,7,2,0,0,2,1,0
"Giannelli Imbula",2,2,2,1,0,2,0,0,0,0,0,0,0
"Glen Johnson",0,1,6,0,0,0,0,6,0,4,2,3,1
"Ibrahim Afellay",0,0,3,6,0,1,0,4,0,0,0,1,1
"Joe Allen",1,1,9,3,5,2,2,0,1,3,0,0,2
"Lee Grant",0,1,1,0,0,1,0,0,0,0,2,0,0
"Mame Biram Diouf",3,0,4,0,0,2,0,0,0,0,4,0,1
"Peter Crouch",1,0,5,2,1,1,0,2,0,0,0,0,1
"Ryan Shawcross",0,1,4,0,0,1,1,0,1,0,0,0,0
"Xherdan Shaqiri",0,0,2,0,0,0,0,2,0,1,0,0,0
