"Ben Davies",0,3,0,0,0,0,2,0,5,0,4,1,1,1
"Christian Eriksen",3,0,3,1,9,3,2,1,3,13,3,5,5,1
"Danny Rose",0,4,0,3,0,1,0,0,12,1,3,1,1,0
"Dele Alli",0,1,0,0,0,0,0,1,1,2,0,0,1,0
"Eric Dier",1,5,0,2,0,2,1,2,4,7,1,19,3,2
"Harry Kane",0,4,3,4,1,0,0,0,0,5,1,0,1,0
"Harry Winks",1,1,0,0,0,0,0,0,4,3,1,5,1,1
"Hugo Lloris",1,0,0,0,2,0,1,0,5,2,0,4,1,0
"Kevin Wimmer",4,2,9,2,1,3,2,2,0,2,5,15,9,0
"Kieran Trippier",0,16,0,1,16,9,4,4,4,0,6,0,4,0
"Son Heung-Min",4,4,3,0,0,2,2,0,3,9,0,1,0,0
"Toby Alderweireld",0,8,3,0,9,1,4,5,14,2,5,0,6,0
"Victor Wanyama",0,6,2,1,6,2,2,1,3,7,2,6,0,0
"Vincent Janssen",0,1,0,0,1,0,0,0,0,2,0,0,2,0
