"Aleksandar Kolarov",0,6,4,1,1,0,7,5,21,0,3,4,1,8
"David Silva",3,0,6,0,2,0,1,0,7,0,1,2,0,19
"Fernandinho",3,6,0,1,8,0,9,1,7,3,3,12,1,10
"Fernando",0,0,1,0,0,0,1,0,1,1,0,0,0,0
"Gabriel Jesus",0,4,6,0,0,1,1,1,1,2,3,1,0,3
"John Stones",0,0,0,1,0,0,0,1,1,0,0,0,1,0
"Kevin De Bruyne",7,4,4,0,4,0,0,2,3,1,4,6,2,9
"Leroy Sané",3,1,2,0,0,0,2,0,2,0,3,2,0,6
"Nicolás Otamendi",10,6,10,0,0,1,13,3,0,1,3,15,4,28
"Pablo Zabaleta",0,0,2,1,4,2,1,0,1,0,0,2,0,1
"Sergio Agüero",2,5,3,0,4,0,3,0,7,0,0,3,0,3
"Vincent Kompany",6,2,6,0,3,0,8,3,21,0,4,0,1,13
"Willy Caballero",2,0,0,0,0,2,0,0,2,1,0,1,0,1
"Yaya Touré",13,16,15,0,2,0,7,5,17,2,9,10,0,0
