"Ander Herrera",0,1,9,3,1,4,1,8,0,4,3,1,8,3
"Anthony Martial",2,0,1,0,0,0,0,3,0,0,1,0,4,2
"Ashley Young",8,4,0,0,1,4,1,8,0,6,2,0,3,4
"Daley Blind",2,1,1,0,8,3,0,1,0,1,3,0,3,1
"David de Gea",0,1,0,2,0,0,0,0,0,1,1,0,0,0
"Eric Bailly",2,1,5,3,3,0,1,1,1,0,0,0,0,0
"Henrikh Mkhitaryan",0,0,1,0,0,0,0,0,0,0,0,0,1,0
"Jesse Lingard",5,3,8,1,0,3,0,0,0,3,0,0,2,1
"Marcus Rashford",1,0,1,0,0,0,1,0,0,0,0,0,0,2
"Marouane Fellaini",7,1,5,2,1,2,1,1,1,0,3,0,7,2
"Matteo Darmian",4,1,0,5,0,0,0,1,1,3,0,0,8,9
"Michael Carrick",0,0,0,0,0,0,0,0,0,0,1,0,0,1
"Paul Pogba",3,3,6,2,0,1,1,3,0,3,9,0,0,13
"Wayne Rooney",4,2,5,0,1,0,0,2,1,3,8,2,6,0
