"César Azpilicueta",0,27,6,1,4,1,1,0,1,3,2,8,8,6
"Cesc Fàbregas",9,0,7,4,11,9,3,2,2,10,4,0,10,10
"David Luiz",9,4,0,0,1,9,3,1,0,2,0,10,2,4
"Diego Costa",2,8,2,0,5,1,0,3,0,2,0,0,0,1
"Eden Hazard",6,12,0,7,0,1,0,1,0,2,0,0,1,9
"Gary Cahill",2,4,8,1,6,0,0,10,0,11,0,3,1,3
"John Terry",2,0,2,1,2,0,0,1,0,5,0,1,1,0
"Marcos Alonso",1,7,3,4,3,2,2,0,0,2,0,0,1,5
"Michy Batshuayi",1,0,0,0,1,2,0,1,0,0,0,0,0,1
"N'Golo Kanté",6,9,5,2,5,5,1,9,0,0,3,1,4,6
"Pedro",0,2,0,0,0,2,0,0,0,0,0,0,1,1
"Thibaut Courtois",8,0,3,0,1,12,0,0,0,2,0,0,0,0
"Victor Moses",14,7,2,3,8,1,0,0,1,3,1,2,0,7
"Willian",3,7,3,2,5,1,0,2,1,8,1,1,8,0
