"Claudio Bravo",0,1,1,3,2,3,0,1,0,5,0,0,0,0
"David Silva",0,0,7,3,21,2,6,7,2,6,0,13,2,0
"Fernandinho",1,9,0,8,18,2,4,9,7,9,0,7,1,1
"Gaël Clichy",2,5,6,0,11,6,0,6,1,2,1,3,0,0
"Ilkay Gündogan",0,15,21,7,0,9,5,6,7,6,4,5,1,0
"John Stones",4,3,5,0,15,0,1,2,0,5,2,2,0,0
"Kelechi Iheanacho",0,3,3,1,4,0,0,4,1,1,0,2,0,0
"Kevin De Bruyne",0,9,6,4,4,3,1,0,6,3,0,5,0,0
"Leroy Sané",0,10,4,2,6,0,2,3,0,2,0,0,0,0
"Nicolás Otamendi",4,7,15,2,6,9,0,6,3,0,0,6,3,0
"Nolito",0,1,0,0,0,0,0,2,0,0,0,0,0,1
"Raheem Sterling",0,9,5,3,2,0,2,5,1,8,0,0,3,0
"Sergio Agüero",0,2,1,0,2,0,0,1,0,1,0,2,0,0
"Vincent Kompany",0,0,0,0,0,0,0,0,0,0,0,0,0,0
