"Aaron Cresswell",0,0,0,0,0,1,1,2,5,1,2,4,1,5
"Andy Carroll",0,0,2,0,0,0,0,0,0,0,3,3,2,0
"Cheikhou Kouyaté",0,0,0,0,0,0,5,0,4,1,4,1,1,2
"Darren Randolph",1,0,0,0,0,0,1,0,2,0,0,0,0,1
"James Collins",0,0,0,0,0,0,0,1,0,0,0,2,1,0
"Jonathan Calleri",0,0,0,0,0,0,0,0,0,0,0,3,0,0
"José Fonte",0,4,1,3,0,0,0,0,5,4,4,0,1,9
"Manuel Lanzini",1,0,0,0,0,0,0,0,0,1,3,1,2,0
"Mark Noble",2,1,2,3,0,0,8,2,0,4,4,3,5,3
"Michail Antonio",1,2,1,0,1,1,4,1,2,0,3,2,2,1
"Pedro Obiang",2,1,2,0,0,0,5,3,4,5,0,2,0,6
"Robert Snodgrass",1,1,0,0,0,2,0,2,3,3,3,0,4,1
"Sofiane Feghouli",0,0,1,0,0,0,1,0,1,2,4,4,0,1
"Winston Reid",7,3,1,0,1,0,8,0,8,0,3,2,1,0
