"Ahmed Musa",0,0,1,2,0,0,0,1,0,0,0,0,0,0
"Andy King",1,0,4,3,5,0,1,1,0,2,2,2,2,0
"Christian Fuchs",2,2,0,1,1,1,4,3,0,1,0,0,2,0
"Daniel Amartey",0,2,1,0,3,0,0,5,0,5,0,1,1,0
"Danny Simpson",0,4,0,2,0,0,0,6,0,6,5,0,3,1
"Demarai Gray",1,0,0,0,0,0,0,0,0,0,0,1,0,0
"Kasper Schmeichel",0,0,1,0,0,0,0,6,0,0,1,0,0,0
"Leonardo Ulloa",0,3,0,5,3,0,0,0,0,2,5,0,3,0
"Marc Albrighton",0,0,0,0,0,1,0,0,0,0,0,0,0,0
"Nampalys Mendy",0,3,0,4,8,0,0,2,0,0,1,1,1,5
"Riyad Mahrez",0,2,0,1,2,0,0,4,0,3,0,0,1,0
"Robert Huth",0,3,1,0,0,1,1,0,0,1,0,0,0,0
"Shinji Okazaki",0,2,2,2,1,0,0,0,0,1,1,1,0,0
"Wes Morgan",0,1,1,2,1,0,1,1,0,0,0,0,0,0
