"Andre Gray",0,0,0,0,0,0,0,0,0,1,0,0,0
"Ashley Barnes",2,0,0,0,1,0,1,0,0,0,0,0,0
"Ben Mee",0,0,0,1,1,1,1,2,1,0,5,3,1
"Dean Marney",1,2,0,0,0,0,1,0,1,1,1,2,2
"George Boyd",0,0,0,0,0,0,3,1,2,0,3,0,0
"Jeff Hendrick",1,0,2,0,0,0,1,1,0,1,1,1,0
"Matthew Lowton",1,2,2,3,1,2,0,1,2,1,0,4,1
"Michael Keane",0,0,1,1,0,2,1,0,0,0,0,1,4
"Sam Vokes",0,0,0,0,3,1,0,1,0,3,0,0,0
"Scott Arfield",0,0,0,0,0,0,3,0,0,0,0,0,0
"Stephen Ward",0,3,0,0,2,4,0,1,2,0,0,1,0
"Steven Defour",0,0,2,1,0,0,5,0,1,0,1,0,0
"Tom Heaton",0,3,0,0,0,0,0,0,2,0,1,0,0
