"Adam Lallana",0,0,0,0,0,0,1,0,2,0,3,0,3,0
"Daniel Sturridge",0,0,0,1,0,1,3,1,3,0,3,3,1,3
"Dejan Lovren",0,0,0,0,2,3,10,9,13,4,1,10,4,2
"Divock Origi",0,0,0,0,1,0,0,0,1,0,0,1,0,0
"Emre Can",0,1,3,0,0,0,1,0,0,0,0,1,0,0
"Georginio Wijnaldum",0,3,3,0,0,0,0,4,5,0,11,2,2,4
"James Milner",1,3,4,1,2,1,0,0,4,2,0,6,3,1
"Joel Matip",3,2,14,0,1,2,1,0,8,7,7,3,5,3
"Jordan Henderson",0,3,17,2,1,5,4,17,0,4,8,10,2,3
"Loris Karius",1,0,2,0,0,1,0,2,4,0,1,1,2,2
"Nathaniel Clyne",1,3,2,0,0,12,0,8,11,1,0,0,2,14
"Philippe Coutinho",0,3,4,0,0,5,6,4,8,0,2,0,5,3
"Roberto Firmino",0,1,4,0,0,5,1,2,5,0,2,4,0,1
"Sadio Mané",3,6,1,0,0,2,1,2,3,0,4,2,2,0
