"Adam Forshaw",0,0,6,9,9,4,2,5,1,13,5,0,3
"Álvaro Negredo",0,0,0,0,0,0,0,0,0,1,0,0,0
"Antonio Barragán",11,0,0,2,8,7,2,0,0,7,3,4,0
"Ben Gibson",10,0,1,0,11,0,0,7,2,4,7,5,2
"Calum Chambers",7,0,7,11,0,2,2,0,0,5,2,4,1
"Cristhian Stuani",3,0,3,0,3,0,2,0,1,1,0,0,0
"Gastón Ramírez",4,1,2,0,0,0,0,0,0,0,6,0,0
"George Friend",3,0,0,5,1,1,0,0,0,4,12,0,3
"Jordan Rhodes",1,0,1,2,0,0,0,0,0,2,0,1,0
"Marten de Roon",8,0,7,8,9,3,4,3,0,0,4,0,1
"Stewart Downing",6,0,1,5,3,1,0,10,1,4,0,0,0
"Víctor Valdés",1,0,0,1,0,0,1,2,1,1,0,0,0
"Viktor Fischer",2,0,1,1,0,0,0,1,1,0,3,0,0
