"Abdoulaye Doucouré",0,2,0,3,5,3,5,2,2,3,3,5,4,1
"Adrian Mariappa",1,0,1,1,0,2,0,0,0,2,5,0,1,2
"Christian Kabasele",1,0,0,0,0,1,3,0,0,0,2,1,3,0
"Daryl Janmaat",5,3,0,0,2,1,2,0,0,0,0,3,2,1
"Etienne Capoue",4,3,2,6,0,0,0,2,0,0,0,3,0,0
"Heurelho Gomes",1,1,0,0,0,0,1,0,0,0,0,0,3,0
"José Holebas",2,0,6,3,3,2,0,2,0,0,0,0,2,0
"Juan Zuñiga",4,1,0,0,0,1,2,0,0,2,0,1,1,1
"M'Baye Niang",3,0,0,0,0,1,0,1,0,1,0,0,0,0
"Nordin Amrabat",2,1,0,0,0,0,0,3,1,0,1,0,0,0
"Sebastian Prödl",0,1,2,0,4,1,1,1,0,0,0,0,1,1
"Stefano Okaka",2,1,0,2,1,0,0,0,1,0,0,0,3,2
"Troy Deeney",1,0,0,2,2,0,3,0,0,0,0,4,0,0
"Valon Behrami",1,2,0,0,4,0,3,1,0,0,0,0,0,0
