"Arouna Koné",0,0,0,0,1,0,0,0,0,1,0,1,0,0
"Ashley Williams",0,0,0,0,1,5,2,13,1,9,6,1,3,3
"Enner Valencia",0,0,0,0,1,0,0,2,0,2,0,1,2,0
"Gareth Barry",0,1,0,0,0,1,0,0,0,0,0,0,0,0
"Idrissa Gueye",0,4,2,0,0,0,4,7,4,11,1,4,11,7
"Joel Robles",0,2,0,0,1,0,0,1,3,1,2,1,1,0
"Kevin Mirallas",0,1,2,0,2,0,0,6,3,2,0,2,5,3
"Leighton Baines",2,14,3,0,5,0,5,0,0,12,0,1,12,3
"Mason Holgate",0,0,0,0,7,0,1,0,0,4,9,2,2,3
"Morgan Schneiderlin",0,9,2,1,16,4,4,11,2,0,5,0,3,5
"Phil Jagielka",0,8,0,1,3,3,0,1,6,8,0,2,1,4
"Romelu Lukaku",0,0,0,0,2,0,2,2,2,3,0,0,1,1
"Ross Barkley",0,2,3,0,11,1,4,7,5,3,2,2,0,2
"Tom Davies",0,1,0,0,5,0,3,3,0,5,2,3,5,0
