"Cédric Soares",0,5,0,3,2,0,1,0,3,3,0,0,1,9
"Dusan Tadic",2,0,0,3,0,0,2,0,6,0,4,0,2,3
"Fraser Forster",0,0,0,0,0,0,0,1,0,1,0,0,0,0
"Jack Stephens",6,0,3,0,1,0,0,10,1,3,1,0,1,8
"James Ward-Prowse",0,1,0,1,0,0,0,0,0,2,0,0,0,3
"Jay Rodriguez",0,0,0,0,0,0,0,0,0,0,1,0,0,0
"Manolo Gabbiadini",0,0,0,0,0,0,0,0,0,3,1,0,0,0
"Maya Yoshida",1,0,1,6,0,0,0,0,1,10,6,0,0,4
"Nathan Redmond",1,1,0,1,0,0,1,2,0,9,5,0,1,5
"Pierre-Emile Højbjerg",9,3,1,8,0,1,1,5,8,0,14,0,6,10
"Ryan Bertrand",0,6,1,0,0,1,0,3,9,12,0,0,7,5
"Shane Long",0,0,0,1,0,0,0,0,0,0,0,0,1,0
"Sofiane Boufal",0,3,0,2,0,0,0,0,1,6,1,0,0,1
"Steven Davis",9,3,0,9,2,0,1,6,3,10,9,0,1,0
