"Aaron Cresswell",0,0,0,1,1,0,1,6,1,0,0,1,0,2
"Andy Carroll",1,0,0,0,0,1,1,3,0,2,0,1,0,0
"Ashley Fletcher",0,0,0,0,0,0,0,0,0,0,1,0,0,1
"Darren Randolph",0,1,0,0,0,0,0,0,2,0,0,0,0,1
"Edimilson Fernandes",1,0,1,0,0,1,0,0,0,0,2,1,0,0
"José Fonte",1,0,0,6,0,0,3,0,0,0,0,5,0,3
"Manuel Lanzini",3,1,0,0,1,0,0,4,1,4,2,2,0,1
"Mark Noble",2,1,0,2,3,5,2,0,1,4,1,2,1,3
"Michail Antonio",2,0,0,0,0,0,1,2,0,0,2,0,0,1
"Pedro Obiang",2,1,0,0,0,0,4,3,0,0,0,1,2,2
"Robert Snodgrass",0,1,0,0,1,1,1,4,0,0,0,4,0,0
"Sam Byram",0,1,1,0,0,2,2,2,1,0,4,0,0,1
"Sofiane Feghouli",0,0,0,0,0,0,0,0,0,1,0,3,0,0
"Winston Reid",4,2,0,2,0,4,1,3,0,0,2,0,0,0
