"Adlène Guédioura",0,1,0,0,0,0,0,0,0,0,0,0,0
"Daryl Janmaat",1,0,11,0,2,2,5,0,2,1,1,0,0
"Etienne Capoue",0,9,0,0,3,4,4,1,4,0,1,1,2
"Heurelho Gomes",0,1,0,0,0,0,0,0,1,0,0,0,0
"Juan Zuñiga",0,3,4,0,0,4,2,7,0,0,3,2,1
"Miguel Britos",0,2,3,0,6,0,0,3,4,0,3,0,1
"Nordin Amrabat",0,3,3,0,2,3,0,1,0,0,1,1,2
"Roberto Pereyra",0,2,2,0,4,3,2,0,0,1,0,6,0
"Sebastian Prödl",0,2,0,1,0,6,0,2,0,1,2,1,2
"Stefano Okaka",1,0,0,0,1,0,0,0,0,0,0,0,0
"Troy Deeney",0,0,2,0,0,0,0,4,0,0,0,0,0
"Valon Behrami",0,0,3,0,1,1,0,6,2,0,3,0,2
"Younes Kaboul",0,2,1,1,0,0,2,1,2,0,1,1,0
