"Federico Fernández",0,0,4,1,0,1,2,2,1,4,0,1,0
"Gylfi Sigurdsson",1,0,5,1,0,1,2,1,0,4,2,3,1
"Jack Cork",0,1,0,3,0,0,8,1,0,3,2,1,2
"Jay Fulton",4,2,0,0,3,0,8,2,0,0,0,3,0
"Jordi Amat",1,0,0,2,0,0,0,2,6,0,0,1,1
"Ki Sung-yueng",0,0,0,0,0,0,0,2,0,0,0,0,0
"Kyle Naughton",1,4,5,4,1,0,0,0,1,3,0,0,2
"Leroy Fer",0,4,3,1,3,0,1,0,0,0,0,3,3
"Lukasz Fabianski",1,0,1,1,1,0,0,0,0,1,0,0,0
"Modou Barrow",1,1,3,0,0,0,5,1,0,0,0,2,1
"Nathan Dyer",0,2,0,1,0,0,0,1,0,0,0,0,0
"Neil Taylor",0,3,1,0,1,0,0,3,0,2,0,0,5
"Wayne Routledge",2,1,0,1,1,0,1,2,0,2,0,4,0
