"César Azpilicueta",0,1,8,1,1,1,0,9,4,1,2,6,2
"Cesc Fàbregas",1,0,0,0,0,0,0,2,0,2,0,1,0
"David Luiz",7,0,0,1,0,5,2,1,2,0,4,0,0
"Diego Costa",0,2,2,0,4,0,0,0,0,0,0,1,1
"Eden Hazard",1,0,1,2,0,0,1,6,1,0,0,1,3
"Gary Cahill",2,0,0,1,3,0,8,1,4,0,5,1,0
"Marcos Alonso",1,0,1,3,4,7,0,4,4,0,0,0,1
"N'Golo Kanté",5,0,1,1,2,1,2,0,1,0,0,7,2
"Nemanja Matic",3,0,4,1,4,2,8,2,0,0,0,1,1
"Pedro",1,2,0,0,0,0,2,0,0,0,0,1,0
"Thibaut Courtois",0,1,0,1,0,0,2,0,2,0,0,2,0
"Victor Moses",12,2,1,1,1,0,1,4,2,0,0,0,2
"Willian",2,0,1,0,3,0,0,0,0,0,1,3,0
