"Angel Rangel",0,4,1,7,2,3,1,1,4,3,0,6,3,7
"Borja Bastón",3,0,3,3,1,0,0,3,1,1,0,2,1,3
"Gylfi Sigurdsson",4,5,0,0,0,0,0,3,0,0,0,0,0,0
"Jack Cork",6,2,2,0,1,3,2,9,2,1,1,2,0,1
"Jay Fulton",1,2,1,0,0,0,0,0,0,0,0,1,0,0
"Jordi Amat",5,0,0,1,0,0,0,8,4,2,1,8,1,2
"Ki Sung-yueng",0,0,1,1,2,0,0,3,0,1,0,0,0,0
"Kyle Naughton",0,3,6,12,1,8,2,0,5,1,0,0,0,0
"Leon Britton",8,2,0,2,0,3,0,4,0,5,0,0,0,0
"Leroy Fer",4,2,1,1,0,4,0,1,2,0,1,3,0,3
"Lukasz Fabianski",0,1,0,0,0,0,0,1,0,0,0,2,0,1
"Mike van der Hoorn",3,1,1,0,0,2,0,3,3,4,2,0,0,1
"Modou Barrow",0,0,0,1,2,0,0,0,0,0,0,0,0,0
"Wayne Routledge",1,4,1,0,0,0,0,0,0,0,0,0,0,0
