"Christian Eriksen",0,10,2,8,0,7,0,3,1,5,1,1,1,12
"Danny Rose",11,0,4,1,6,5,0,8,0,1,2,0,1,4
"Dele Alli",5,1,0,1,1,0,0,3,0,2,0,0,0,5
"Eric Dier",10,1,1,0,6,8,7,5,2,9,4,1,10,5
"Harry Kane",5,2,4,0,0,1,0,1,0,3,2,0,2,6
"Harry Winks",3,3,0,6,2,0,1,3,0,5,3,2,4,8
"Hugo Lloris",0,0,0,7,1,1,0,9,0,2,0,0,1,2
"Jan Vertonghen",8,11,3,3,3,5,7,0,2,0,2,1,14,4
"Josh Onomah",2,0,0,0,0,1,0,1,0,2,0,0,0,0
"Kyle Walker",6,0,0,10,1,5,1,5,1,0,11,3,1,4
"Moussa Sissoko",0,4,1,7,4,0,0,1,0,9,0,2,0,5
"Son Heung-Min",1,0,0,0,0,1,0,0,0,3,2,0,0,1
"Toby Alderweireld",3,4,2,17,2,1,5,11,0,1,2,0,0,3
"Victor Wanyama",6,7,6,7,4,3,3,8,1,7,3,0,10,0
