"Cédric Soares",0,0,4,9,0,3,1,1,2,0,1,6,7
"Fraser Forster",0,0,0,1,0,0,2,1,0,1,0,0,0
"Jack Stephens",10,1,0,2,1,0,10,1,5,1,1,3,8
"James Ward-Prowse",9,0,7,0,1,1,4,0,3,4,1,1,1
"Jay Rodriguez",1,0,0,0,0,0,0,0,0,1,0,2,0
"Manolo Gabbiadini",0,0,1,1,1,0,1,0,2,3,0,2,1
"Maya Yoshida",0,5,11,5,0,0,0,2,10,14,2,0,3
"Nathan Redmond",0,0,2,0,0,1,2,0,2,6,0,1,3
"Oriol Romeu",4,1,11,5,2,3,6,3,0,4,0,1,7
"Ryan Bertrand",0,1,1,6,4,1,12,6,7,0,0,2,8
"Shane Long",0,0,0,0,0,1,0,2,1,0,0,0,1
"Sofiane Boufal",7,0,0,0,1,1,1,1,0,3,0,0,2
"Steven Davis",6,0,5,5,1,5,4,2,6,4,2,3,0
