"Abel Hernández",0,1,0,1,2,0,0,1,0,1,0,1,0,1
"Ahmed El Mohamady",1,0,12,1,1,4,5,0,9,2,3,3,1,0
"Alfred N'Diaye",3,4,0,2,3,1,1,2,7,2,1,0,2,0
"Andrea Ranocchia",0,0,0,0,5,0,0,1,1,1,2,1,3,0
"Andrew Robertson",1,0,3,6,0,0,1,9,4,2,0,3,2,0
"Eldin Jakupovic",0,4,0,0,0,0,0,1,0,0,1,0,0,0
"Evandro",0,2,0,0,2,0,0,1,4,0,0,2,1,0
"Kamil Grosicki",0,0,2,1,6,0,1,0,0,0,0,0,1,2
"Lazar Markovic",1,10,5,0,3,1,2,0,0,2,0,1,1,1
"Markus Henriksen",0,4,0,0,1,0,0,0,2,0,4,0,0,0
"Michael Dawson",0,4,3,3,0,2,0,0,1,1,0,0,2,0
"Oumar Niasse",0,2,1,1,3,0,3,0,0,0,1,0,2,0
"Sam Clucas",0,3,2,1,5,2,0,1,1,0,0,1,0,0
"Shaun Maloney",1,0,0,0,0,0,0,0,0,0,0,0,0,0
