"Abel Hernández",0,1,0,0,1,0,0,0,0,1,0,0,1,1
"Ahmed El Mohamady",1,0,0,0,0,0,0,0,0,0,2,0,0,0
"Alfred N'Diaye",0,0,0,5,1,0,1,3,0,0,5,0,1,6
"Andrea Ranocchia",0,0,5,0,1,0,4,16,0,2,3,0,5,5
"Andrew Robertson",0,0,0,2,0,0,2,7,6,2,1,1,2,4
"David Meyler",0,0,0,0,0,0,1,0,0,0,0,0,0,0
"Eldin Jakupovic",0,0,1,2,0,0,0,3,0,0,0,1,0,2
"Harry Maguire",0,1,3,6,9,0,2,0,2,1,1,0,3,11
"Kamil Grosicki",1,0,0,2,3,1,0,1,0,0,0,0,0,2
"Lazar Markovic",1,0,2,4,1,0,1,1,0,0,2,0,0,1
"Omar Elabdellaoui",1,1,4,4,0,0,1,0,0,7,0,1,5,5
"Oumar Niasse",1,0,0,0,0,0,0,1,4,0,0,0,1,1
"Sam Clucas",1,0,1,3,2,0,0,2,0,0,3,0,0,4
"Tom Huddlestone",1,2,2,6,8,1,1,3,2,2,7,1,4,0
