"César Azpilicueta",0,36,4,1,4,4,3,2,10,5,4,5,4,3
"Cesc Fàbregas",25,0,0,7,11,4,1,3,0,14,10,0,9,1
"David Luiz",8,6,0,0,2,3,0,2,0,4,0,3,2,0
"Diego Costa",1,6,1,0,5,2,0,1,0,5,0,0,1,0
"Eden Hazard",6,12,2,6,0,1,0,1,0,3,2,0,5,0
"Gary Cahill",4,2,4,2,3,0,0,5,1,15,1,4,2,0
"John Terry",3,0,0,0,0,5,0,1,2,0,0,1,0,0
"Marcos Alonso",0,1,1,3,3,8,0,0,0,11,3,0,0,2
"Nathaniel Chalobah",3,2,0,1,0,0,2,0,0,1,0,0,1,1
"Nemanja Matic",7,14,5,3,7,9,3,10,1,0,1,0,0,0
"Pedro",7,6,0,4,0,0,0,3,0,2,0,0,2,0
"Thibaut Courtois",3,0,4,0,1,1,2,2,0,0,0,0,0,0
"Victor Moses",5,8,0,1,7,0,1,0,0,0,4,0,0,0
"Willian",1,3,1,0,0,1,0,0,0,1,1,0,0,0
