"Adnan Januzaj",0,0,1,5,4,0,3,2,0,0,0,0,1,0
"Didier Ndong",1,0,0,4,0,1,1,0,1,0,0,2,3,0
"Duncan Watmore",2,0,0,0,2,0,1,0,0,0,0,0,0,0
"Jack Rodwell",2,1,2,0,2,2,3,3,0,0,3,1,5,1
"Jan Kirchhoff",2,0,1,1,0,0,2,0,1,0,0,0,3,0
"Jason Denayer",0,1,0,1,0,0,0,0,1,0,0,0,0,0
"Javier Manquillo",6,2,2,3,1,0,0,0,0,2,0,1,0,0
"Jermain Defoe",3,0,0,4,1,0,0,0,0,0,3,1,2,0
"Jordan Pickford",1,1,1,0,0,1,0,0,0,1,1,2,0,0
"Lamine Koné",1,0,0,2,0,0,2,0,0,0,0,1,0,1
"Lynden Gooch",0,0,0,0,0,0,0,3,0,0,0,0,3,0
"Papy Djilobodji",0,2,0,1,0,0,0,0,2,2,1,0,2,1
"Patrick van Aanholt",4,2,0,5,1,0,0,4,3,2,0,2,0,6
"Wahbi Khazri",0,1,0,0,0,0,1,0,0,1,0,0,4,0
