"Adam Lallana",0,0,4,2,0,8,10,7,0,11,8,1,3,0
"Alberto Moreno",0,0,0,0,0,1,0,5,1,0,5,2,0,0
"Daniel Sturridge",1,0,0,3,0,3,5,4,0,3,6,0,2,1
"Dejan Lovren",8,2,2,0,2,1,3,21,3,7,4,18,6,6
"Divock Origi",0,0,0,1,0,0,0,0,0,0,0,0,1,0
"Georginio Wijnaldum",7,2,3,6,0,0,10,17,0,13,6,6,3,1
"James Milner",9,0,3,2,0,12,0,2,0,1,33,10,7,0
"Jordan Henderson",9,3,8,18,0,18,17,0,3,7,5,12,9,4
"Marko Grujic",0,1,0,3,0,0,0,1,0,0,1,1,0,0
"Nathaniel Clyne",6,0,7,12,0,5,0,6,1,0,5,0,8,0
"Philippe Coutinho",4,3,5,4,1,9,13,11,0,6,0,2,10,0
"Ragnar Klavan",2,6,0,17,0,9,17,7,0,2,4,0,3,6
"Roberto Firmino",9,0,1,1,1,5,4,17,0,4,6,2,0,1
"Simon Mignolet",1,0,0,5,0,3,0,6,0,0,0,7,0,0
