"Adlène Guédioura",0,2,3,0,0,1,8,6,2,1,2,2,1,0
"Daryl Janmaat",0,0,2,1,0,0,0,2,1,1,1,0,0,0
"Etienne Capoue",4,6,0,0,0,0,0,4,1,2,0,0,3,0
"Heurelho Gomes",1,0,0,0,0,0,1,2,2,0,0,0,1,1
"Isaac Success",1,0,0,0,0,0,1,0,0,1,0,0,0,0
"Jerome Sinclair",1,1,1,0,0,0,0,2,1,0,0,0,0,0
"José Holebas",8,0,5,1,1,1,0,0,1,0,3,1,3,0
"Juan Zuñiga",4,2,3,1,0,0,2,0,1,2,2,0,0,0
"Miguel Britos",1,0,1,5,0,1,3,0,0,0,0,0,1,1
"Nordin Amrabat",4,1,0,1,0,2,1,2,0,0,0,0,0,0
"Odion Ighalo",3,0,1,0,0,1,1,0,0,0,0,1,1,0
"Roberto Pereyra",0,1,0,0,0,0,2,0,0,1,0,0,0,0
"Sebastian Prödl",1,2,1,0,1,0,0,3,2,1,1,0,0,0
"Troy Deeney",0,0,1,0,0,0,0,0,0,0,1,0,0,0
