"Alex Iwobi",0,0,7,8,1,4,0,0,10,5,0,2,1
"Alex Oxlade-Chamberlain",0,0,2,6,4,2,2,2,0,2,0,4,2
"Alexis Sánchez",1,0,0,5,5,1,0,4,1,4,0,1,1
"Francis Coquelin",3,3,5,0,9,7,4,9,16,7,0,9,3
"Héctor Bellerín",2,13,1,10,0,3,1,2,8,1,1,18,5
"Laurent Koscielny",5,1,1,7,2,0,0,4,9,10,3,8,1
"Lucas Pérez",0,0,0,3,1,0,0,3,0,2,0,0,1
"Mesut Özil",5,1,5,10,4,2,2,0,8,5,0,2,1
"Mohamed Elneny",14,0,4,16,9,6,0,14,0,9,0,10,5
"Nacho Monreal",11,1,4,11,0,6,1,9,11,0,2,3,0
"Petr Cech",0,1,0,0,0,2,0,0,1,1,0,5,0
"Shkodran Mustafi",1,7,1,4,13,11,0,4,17,1,4,0,7
"Theo Walcott",1,0,1,0,9,2,3,1,2,0,0,2,0
