"Branislav Ivanovic",0,2,1,3,12,1,0,3,3,11,0,2,1,11
"César Azpilicueta",1,0,6,19,1,14,1,5,10,6,0,4,0,0
"Diego Costa",1,2,0,10,1,0,0,2,6,2,0,0,0,2
"Eden Hazard",3,8,14,0,0,3,0,2,6,5,0,1,0,6
"Gary Cahill",7,3,2,0,0,22,0,9,2,4,0,2,0,0
"John Terry",2,22,0,1,14,0,0,6,5,2,0,4,0,0
"Michy Batshuayi",0,1,0,0,0,0,0,0,0,0,0,0,1,0
"N'Golo Kanté",7,6,1,7,6,6,0,0,6,5,0,1,0,6
"Nemanja Matic",2,7,5,10,1,3,0,6,0,8,5,0,0,5
"Oscar",8,4,2,7,5,3,1,6,4,0,0,0,0,6
"Pedro",0,1,0,0,0,0,1,2,2,0,0,0,0,0
"Thibaut Courtois",0,3,0,0,3,1,0,0,0,0,0,0,1,0
"Victor Moses",0,0,0,0,0,0,1,0,0,0,2,0,0,0
"Willian",10,1,2,4,0,0,0,8,5,4,0,0,0,0
