"César Azpilicueta",0,2,1,1,1,1,0,15,2,10,2,4,6,0
"David Luiz",4,0,0,0,2,0,0,1,1,4,0,2,1,0
"Diego Costa",0,0,0,5,0,1,0,3,0,2,0,0,1,0
"Eden Hazard",3,0,6,0,1,4,0,6,0,1,3,0,1,0
"Gary Cahill",3,4,1,5,0,9,0,4,0,2,0,4,0,2
"Marcos Alonso",3,1,3,5,7,0,0,3,2,7,0,0,0,0
"Michy Batshuayi",0,0,0,0,0,0,0,0,0,1,0,0,0,0
"N'Golo Kanté",10,3,0,3,2,1,1,0,3,17,1,1,6,2
"Nathaniel Chalobah",1,1,0,0,2,0,0,2,0,2,0,0,0,2
"Nemanja Matic",9,5,3,3,10,4,0,9,1,0,0,0,4,3
"Pedro",1,1,0,1,0,1,0,2,0,1,0,0,1,0
"Thibaut Courtois",2,1,0,0,5,1,0,0,0,1,1,0,1,0
"Victor Moses",8,0,2,0,0,1,0,6,0,2,4,1,0,1
"Willian",0,0,0,0,0,2,0,2,1,2,0,0,1,0
