"Charlie Austin",0,1,0,0,1,0,1,0,0,5,0,0,4,2
"Cuco Martina",0,0,8,1,8,14,5,9,3,1,0,1,6,1
"Dusan Tadic",1,5,0,0,2,3,2,0,0,1,0,3,1,1
"Fraser Forster",2,0,0,0,0,0,0,0,0,0,0,0,0,2
"Jordy Clasie",2,6,3,0,0,5,1,3,0,2,0,0,0,2
"José Fonte",1,11,0,3,3,0,1,8,0,2,0,0,8,8
"Nathan Redmond",2,8,1,0,0,2,0,3,0,5,0,2,3,2
"Oriol Romeu",1,3,3,0,6,4,5,0,1,3,0,0,5,8
"Pierre-Emile Højbjerg",0,0,0,0,0,0,2,0,0,0,1,0,1,0
"Ryan Bertrand",3,2,0,1,2,0,6,1,0,0,0,1,13,7
"Sam McQueen",0,0,0,0,0,0,0,1,1,0,0,1,0,0
"Sofiane Boufal",0,1,1,0,0,0,0,0,0,1,0,0,3,0
"Steven Davis",4,5,3,1,2,5,5,7,0,9,0,2,0,7
"Virgil van Dijk",3,1,0,1,1,11,1,6,0,14,1,1,2,0
