"Aaron Cresswell",0,2,4,0,0,1,0,12,4,4,1,0,0,3
"Andy Carroll",2,0,0,0,0,0,1,5,0,1,2,0,2,0
"Angelo Ogbonna",4,1,0,0,2,0,0,1,2,0,3,0,1,1
"Ashley Fletcher",1,0,0,0,0,0,0,0,0,0,0,0,0,0
"Darren Randolph",0,2,0,0,0,0,2,0,0,0,0,0,1,1
"Edimilson Fernandes",0,0,0,0,0,0,0,0,1,0,0,0,0,0
"James Collins",2,0,0,0,1,0,0,1,4,2,1,2,1,7
"Manuel Lanzini",6,2,5,0,0,0,0,0,6,1,5,1,1,0
"Mark Noble",4,2,3,0,0,0,9,2,0,6,5,3,2,1
"Michail Antonio",1,1,1,0,0,0,2,1,3,0,4,0,0,1
"Pedro Obiang",1,4,0,0,0,0,2,4,5,4,0,2,2,1
"Sam Byram",0,0,0,0,1,0,0,0,3,1,1,0,2,0
"Sofiane Feghouli",0,4,1,0,0,0,0,0,2,0,2,1,0,0
"Winston Reid",1,1,4,0,3,0,2,2,3,1,0,0,0,0
