"Allan Nyom",0,2,2,5,0,0,0,0,0,2,3,1,1,6
"Ben Foster",0,0,0,1,0,0,0,0,0,1,0,0,0,4
"Chris Brunt",4,0,0,3,4,2,4,1,0,8,2,1,2,3
"Claudio Yacob",0,2,6,0,14,8,4,0,1,3,6,0,1,1
"Craig Dawson",0,2,9,6,0,1,3,1,0,1,1,6,0,5
"Darren Fletcher",2,0,5,5,2,0,0,0,0,1,5,1,0,4
"Gareth McAuley",0,1,1,3,1,3,0,0,2,1,5,1,0,3
"Hal Robson-Kanu",1,0,0,1,0,0,0,0,0,0,0,0,0,0
"James McClean",2,0,0,0,0,0,0,0,0,0,1,0,0,1
"James Morrison",2,0,8,1,2,2,0,0,1,0,2,2,0,6
"Jonny Evans",2,2,3,6,0,4,8,0,0,2,0,0,1,1
"Matt Phillips",1,0,1,2,5,3,0,0,0,1,0,0,1,1
"Nacer Chadli",0,0,0,3,0,0,0,0,0,0,0,0,0,0
"Salomón Rondón",1,0,7,3,0,3,0,0,0,5,1,4,0,0
