"Cédric Soares",0,0,5,0,2,12,6,2,5,0,9,5,0,0
"Charlie Austin",0,0,1,0,0,0,0,0,1,0,0,0,0,1
"Dusan Tadic",2,0,0,0,0,9,0,10,5,0,6,2,4,2
"Fraser Forster",0,0,0,0,0,0,2,1,0,0,1,1,0,1
"Jay Rodriguez",0,0,0,0,0,1,1,0,0,0,0,0,0,0
"Jordy Clasie",7,1,6,0,0,0,6,2,2,0,16,2,1,3
"José Fonte",15,1,0,2,0,3,0,1,1,0,10,1,1,5
"Matt Targett",2,0,14,2,1,1,4,0,7,0,10,0,13,4
"Nathan Redmond",7,0,3,1,0,6,0,8,0,0,5,0,4,3
"Oriol Romeu",0,0,0,0,0,0,0,2,0,0,1,0,1,0
"Pierre-Emile Højbjerg",8,1,17,0,0,11,8,9,5,2,0,2,6,7
"Shane Long",1,0,1,0,0,5,1,1,0,1,2,0,0,1
"Steven Davis",4,0,3,2,0,2,1,9,2,0,7,0,0,3
"Virgil van Dijk",1,0,4,0,0,2,9,6,2,1,2,1,3,0
