"Adam Smith",0,13,2,3,3,3,12,1,1,2,0,3,6,2
"Andrew Surman",12,0,1,3,9,1,7,0,5,2,1,1,5,6
"Benik Afobe",0,0,0,0,0,2,0,0,0,0,0,1,1,0
"Charlie Daniels",1,5,2,0,4,2,3,1,7,0,0,4,0,1
"Dan Gosling",6,6,0,10,0,0,4,2,5,0,0,3,1,4
"Jordon Ibe",0,5,0,1,0,0,0,0,0,2,0,1,1,0
"Junior Stanislas",8,3,0,1,2,0,0,5,0,0,0,5,1,1
"Lys Mousset",2,3,0,1,2,0,0,0,2,0,0,0,0,0
"Marc Pugh",1,2,0,5,7,0,2,4,0,0,0,3,1,0
"Matt Worthington",2,2,0,1,0,1,1,0,0,0,0,0,0,0
"Ryan Allsop",0,2,0,0,2,0,0,0,0,0,0,0,0,0
"Ryan Fraser",4,1,0,2,4,0,3,1,1,0,0,0,0,0
"Simon Francis",3,5,0,1,1,1,0,0,0,1,3,0,0,6
"Steve Cook",1,2,0,4,2,0,0,1,2,1,5,0,3,0
