"Christian Eriksen",0,2,1,1,3,0,0,5,5,4,8,1,0,0
"Danny Rose",7,0,2,0,3,0,0,3,0,1,3,1,3,0
"Dele Alli",2,2,0,0,0,0,0,0,0,1,0,0,2,0
"Eric Dier",1,1,0,0,1,1,0,1,1,0,1,0,0,0
"Erik Lamela",3,8,1,1,0,0,0,0,0,0,1,1,0,0
"Georges-Kévin Nkoudou",1,0,0,0,0,0,0,0,0,0,0,0,0,0
"Hugo Lloris",0,0,0,0,0,0,0,3,2,0,0,3,0,0
"Jan Vertonghen",0,4,0,1,1,0,3,0,0,0,2,2,1,0
"Kyle Walker",6,0,1,0,1,0,3,0,0,11,3,5,0,1
"Moussa Sissoko",4,0,1,0,0,0,0,0,7,0,2,2,5,0
"Son Heung-Min",5,0,2,1,1,0,0,0,0,3,0,0,1,0
"Toby Alderweireld",2,1,0,0,1,0,5,1,7,1,1,0,0,0
"Victor Wanyama",4,4,0,0,1,1,0,2,4,3,1,2,0,0
"Vincent Janssen",0,0,0,1,0,0,0,0,0,0,0,0,1,0
