"Adam Forshaw",0,0,0,1,6,1,0,2,1,2,2,1,1,1
"Adama Traoré",0,0,1,0,0,0,0,0,0,0,0,0,1,0
"Adlène Guédioura",0,0,0,0,0,0,0,1,2,0,4,1,1,0
"Álvaro Negredo",1,0,0,0,1,0,0,0,1,2,3,0,2,0
"Ben Gibson",9,0,2,1,0,5,0,3,2,7,9,9,6,2
"Bernardo",0,0,0,0,15,0,0,6,1,1,5,1,0,1
"Cristhian Stuani",2,0,1,1,1,0,0,1,1,0,0,2,0,0
"Daniel Ayala",0,0,0,1,3,9,2,0,4,3,7,0,0,3
"Fabio",1,0,2,5,0,0,0,4,0,4,2,1,0,0
"Gastón Ramírez",3,0,2,0,9,2,1,2,1,0,7,1,0,0
"Marten de Roon",2,0,0,2,11,3,4,8,4,10,0,3,2,0
"Rudy Gestede",0,2,1,0,1,0,3,0,1,2,1,0,0,0
"Stewart Downing",2,0,0,2,5,1,2,1,0,5,5,0,0,0
"Víctor Valdés",0,0,0,0,0,2,0,2,0,2,0,0,0,0
