"Aaron Cresswell",0,3,1,0,0,0,0,2,6,3,4,1,1,0
"André Ayew",3,0,1,1,2,0,0,4,2,3,4,1,0,0
"Andy Carroll",1,1,0,1,0,0,1,1,3,1,1,3,0,0
"Arthur Masuaku",0,0,1,0,0,1,5,3,4,1,0,1,2,0
"Cheikhou Kouyaté",3,2,1,2,0,4,0,7,14,2,4,1,1,1
"Darren Randolph",0,1,4,0,1,0,0,1,0,0,0,0,0,1
"Edimilson Fernandes",1,0,1,4,4,0,0,2,1,2,0,3,1,0
"José Fonte",0,3,5,1,5,3,3,0,3,2,3,2,16,1
"Manuel Lanzini",1,7,4,2,8,0,6,8,0,4,7,1,8,0
"Michail Antonio",1,0,2,1,2,0,0,1,3,0,1,0,2,0
"Pedro Obiang",3,7,0,0,4,0,0,5,4,1,0,1,3,1
"Robert Snodgrass",0,0,3,0,0,0,0,2,1,0,3,0,8,0
"Sam Byram",1,2,4,2,1,0,1,10,6,2,3,8,0,0
"Winston Reid",2,0,1,0,0,1,0,0,1,0,0,0,0,0
