"Alex Iwobi",0,0,5,7,0,1,5,0,6,0,8,0,3
"Alex Oxlade-Chamberlain",0,0,0,0,0,0,0,2,0,0,2,0,1
"Alexis Sánchez",3,0,0,4,4,1,7,2,3,0,6,3,1
"Granit Xhaka",6,0,8,0,5,5,3,0,6,1,21,10,2
"Héctor Bellerín",1,1,3,13,0,3,12,3,1,4,13,14,7
"Laurent Koscielny",1,0,1,7,4,0,5,2,11,4,8,10,0
"Mesut Özil",7,4,10,8,12,2,0,4,4,0,11,2,3
"Mohamed Elneny",0,1,1,0,1,3,4,0,3,0,4,3,1
"Nacho Monreal",13,0,6,7,2,10,5,3,0,1,4,1,0
"Petr Cech",0,0,0,1,2,3,2,0,0,0,1,2,1
"Santiago Cazorla",5,0,9,14,18,6,21,2,6,0,0,11,4
"Shkodran Mustafi",0,1,2,4,15,8,8,2,1,7,6,0,8
"Theo Walcott",0,0,2,3,11,0,2,0,1,0,3,1,0
