"Charlie Austin",0,1,0,0,0,2,0,2,1,7,3,0,4,0
"Dusan Tadic",2,0,0,0,0,5,2,9,2,4,1,0,3,1
"Fraser Forster",0,2,0,0,0,0,3,1,0,0,0,0,0,1
"James Ward-Prowse",0,0,0,0,0,0,3,2,0,0,2,1,1,1
"Jay Rodriguez",0,0,0,0,0,0,1,1,0,0,0,0,0,0
"Jordy Clasie",2,4,0,0,0,0,4,12,2,8,5,0,5,6
"José Fonte",0,2,2,3,1,5,0,18,0,13,0,1,5,5
"Maya Yoshida",2,11,1,4,1,11,10,0,7,14,1,0,3,2
"Nathan Redmond",1,3,0,0,0,1,2,2,0,2,4,0,7,2
"Oriol Romeu",3,6,2,3,1,14,10,6,4,0,9,0,15,8
"Ryan Bertrand",4,2,3,0,1,3,3,0,6,6,0,8,12,12
"Sofiane Boufal",2,0,0,0,0,0,0,0,0,2,2,0,2,0
"Steven Davis",5,2,0,1,0,4,6,6,4,10,13,1,0,8
"Virgil van Dijk",2,0,1,2,0,1,11,5,1,8,9,0,9,0
