"Cédric Soares",0,3,0,8,9,0,2,2,1,1,2,1,2,10
"Dusan Tadic",2,0,0,0,2,0,0,1,5,3,5,0,0,1
"Fraser Forster",2,0,0,0,0,0,0,0,0,0,1,1,0,0
"Jack Stephens",6,1,1,0,1,0,0,4,0,3,2,0,0,7
"James Ward-Prowse",8,2,0,0,0,0,0,0,0,6,2,0,0,8
"Jay Rodriguez",0,0,0,0,0,0,0,0,0,0,2,0,0,0
"Manolo Gabbiadini",2,1,0,0,0,0,0,1,1,0,1,1,0,1
"Maya Yoshida",1,0,3,5,0,0,1,0,3,3,5,0,0,7
"Nathan Redmond",3,4,0,0,1,0,0,1,0,5,5,0,0,1
"Oriol Romeu",4,3,1,3,4,0,1,5,6,0,5,0,2,7
"Ryan Bertrand",2,7,1,2,0,1,1,4,13,6,0,0,2,4
"Shane Long",0,0,0,0,0,0,0,0,0,0,0,0,0,4
"Sofiane Boufal",1,0,0,0,0,2,0,0,0,0,2,0,0,0
"Steven Davis",10,3,2,5,6,0,0,4,2,7,9,1,0,0
