"Ben Davies",0,5,5,1,1,1,10,0,0,0,11,0,7
"Christian Eriksen",1,0,1,5,0,1,1,2,1,0,2,0,5
"Dele Alli",5,0,0,2,0,0,0,5,0,0,1,0,5
"Eric Dier",4,2,1,0,1,0,6,4,0,0,1,4,1
"Harry Kane",0,2,0,0,0,1,0,3,0,0,1,2,0
"Hugo Lloris",2,0,0,2,0,0,6,3,0,0,2,4,0
"Jan Vertonghen",18,1,0,1,2,7,0,0,0,0,1,5,8
"Kieran Trippier",1,3,1,10,2,5,1,0,0,0,2,4,2
"Kyle Walker",0,1,0,0,0,0,0,0,0,0,0,0,0
"Mousa Dembélé",1,0,1,0,0,0,0,0,0,0,0,0,1
"Son Heung-Min",4,3,2,1,1,0,2,3,0,0,0,1,1
"Toby Alderweireld",2,0,0,3,2,9,6,4,0,0,2,0,2
"Victor Wanyama",9,5,6,3,1,1,5,2,0,2,1,2,0
