"Cédric Soares",0,4,1,2,0,5,6,0,1,9,1,0,0,1
"Charlie Austin",1,0,0,2,1,0,3,5,2,5,2,0,0,2
"Fraser Forster",1,0,0,0,0,2,0,1,0,0,0,0,0,0
"James Ward-Prowse",2,2,0,0,1,2,1,3,5,8,8,0,0,2
"Jordy Clasie",0,0,0,1,0,0,1,0,0,0,0,0,0,0
"José Fonte",10,3,3,1,0,0,3,0,5,4,1,0,0,2
"Josh Sims",3,2,0,2,1,0,0,1,3,7,3,0,0,1
"Nathan Redmond",0,1,0,6,0,0,2,0,1,3,10,0,0,2
"Oriol Romeu",1,1,0,9,1,9,3,1,0,10,1,0,0,4
"Pierre-Emile Højbjerg",9,3,0,2,0,8,5,7,5,0,3,1,0,4
"Ryan Bertrand",0,7,2,7,0,0,1,8,5,2,0,0,0,2
"Sam McQueen",0,0,0,0,0,0,0,0,0,0,0,0,1,0
"Shane Long",0,0,0,0,0,0,0,0,0,0,0,0,0,0
"Virgil van Dijk",1,1,0,1,0,5,1,1,5,4,3,0,1,0
