"Alfie Mawson",0,4,0,0,2,8,2,0,8,4,12,0,11,1
"Angel Rangel",4,0,2,7,3,7,2,0,17,0,6,0,3,2
"Borja Bastón",3,2,0,0,2,2,1,0,2,0,0,0,4,0
"Fernando Llorente",1,0,0,0,3,0,0,0,2,0,1,4,1,3
"Gylfi Sigurdsson",0,2,1,0,0,4,0,2,1,0,0,1,6,2
"Jack Cork",5,13,2,1,8,0,2,0,8,0,6,0,3,1
"Jay Fulton",3,3,1,1,0,0,0,0,2,0,2,0,1,0
"Jefferson Montero",0,1,0,0,0,0,0,0,1,0,0,0,1,1
"Leon Britton",8,10,3,5,2,13,1,0,0,0,8,0,8,3
"Lukasz Fabianski",1,1,0,0,0,0,1,0,0,0,2,0,0,0
"Mike van der Hoorn",8,11,0,1,0,8,2,0,5,2,0,1,1,2
"Nathan Dyer",0,2,0,0,1,3,0,0,1,0,0,0,0,0
"Stephen Kingsley",9,1,3,1,5,1,3,2,9,0,1,0,0,7
"Wayne Routledge",1,2,0,1,3,5,0,1,2,0,0,1,1,0
