"Allan Nyom",0,1,0,2,1,1,0,0,1,0,1,7,1,2
"Ben Foster",0,0,0,0,2,0,0,0,0,0,0,0,0,0
"Chris Brunt",0,0,0,0,5,1,0,0,0,2,0,2,0,3
"Claudio Yacob",3,0,3,0,1,3,4,1,3,4,5,0,0,0
"Craig Dawson",0,0,5,0,0,0,4,0,0,1,0,3,0,4
"Darren Fletcher",1,2,2,2,1,0,1,0,0,1,1,0,0,1
"Gareth McAuley",0,0,2,2,2,2,0,1,0,1,3,1,0,1
"Hal Robson-Kanu",0,0,0,1,0,0,0,0,1,0,0,1,0,0
"James McClean",0,0,0,5,0,0,0,1,0,0,0,0,0,0
"James Morrison",4,0,2,2,1,2,0,0,0,0,2,2,0,0
"Jonny Evans",5,3,1,3,0,1,1,0,1,1,0,1,0,0
"Matt Phillips",4,0,0,2,0,2,1,0,0,5,1,0,0,1
"Nacer Chadli",0,0,0,0,0,0,0,0,0,0,0,0,0,0
"Salomón Rondón",1,0,0,1,0,2,0,0,0,2,1,0,0,0
