"Aaron Cresswell",0,0,3,0,0,1,3,2,0,8,1,0,0,3
"Adrián",0,0,1,0,0,0,0,0,1,0,0,2,0,0
"André Ayew",2,2,0,0,1,5,0,2,0,0,0,3,0,0
"Ashley Fletcher",0,0,0,0,3,0,0,0,0,0,0,0,1,1
"Edimilson Fernandes",0,0,1,0,0,3,0,0,1,1,1,3,3,3
"Håvard Nordtveit",1,0,2,0,3,0,1,0,1,3,0,4,1,1
"James Collins",2,0,0,0,0,1,0,0,0,1,0,1,1,4
"Jonathan Calleri",0,0,0,0,0,0,0,0,0,1,0,1,0,0
"José Fonte",0,3,0,0,1,0,0,0,0,0,0,1,0,3
"Manuel Lanzini",6,0,1,0,2,3,0,2,1,0,1,2,0,0
"Robert Snodgrass",1,0,0,0,0,0,0,0,0,1,0,0,0,0
"Sam Byram",2,0,4,2,5,1,0,1,1,1,0,0,3,2
"Sofiane Feghouli",2,0,0,0,2,0,1,0,0,1,0,1,0,1
"Winston Reid",3,5,1,1,0,3,3,0,1,1,0,3,0,0
