"Adam Clayton",0,4,0,1,6,6,7,3,4,0,3,0,1,0
"Adam Forshaw",5,0,2,0,12,6,2,4,4,0,4,1,2,0
"Adama Traoré",1,6,0,0,1,1,1,1,2,0,2,0,0,2
"Álvaro Negredo",1,1,0,0,1,0,0,0,3,0,1,0,0,0
"Antonio Barragán",4,4,9,2,0,2,6,0,3,1,8,0,2,4
"Ben Gibson",7,3,0,2,1,0,7,13,3,0,4,4,2,1
"Calum Chambers",3,1,1,0,12,8,0,1,1,0,2,0,2,1
"Fabio",5,5,0,0,0,7,0,0,6,0,2,0,1,0
"Gastón Ramírez",2,10,1,0,2,0,1,2,0,0,1,0,0,0
"Grant Leadbitter",0,0,1,0,0,1,0,0,0,0,0,0,0,0
"Marten de Roon",2,3,4,2,6,4,3,0,3,3,0,0,0,1
"Stewart Downing",0,1,0,0,2,4,1,0,1,0,1,0,0,0
"Víctor Valdés",1,1,0,1,1,3,1,1,0,0,0,0,0,0
"Viktor Fischer",0,1,2,1,1,0,0,0,0,0,2,0,0,0
