"Aaron Ramsey",0,2,0,2,2,3,0,3,3,2,0,1,0,1
"Alex Iwobi",6,0,0,2,1,2,0,0,1,7,0,0,0,0
"Alex Oxlade-Chamberlain",0,0,0,1,0,1,1,0,0,1,1,0,1,0
"Alexis Sánchez",2,0,0,0,0,0,0,2,5,2,0,0,0,0
"Calum Chambers",0,4,0,0,0,2,3,1,7,21,9,16,1,1
"Francis Coquelin",3,3,0,1,3,0,3,3,2,4,0,1,1,1
"Granit Xhaka",0,0,0,0,5,0,0,3,0,7,0,4,3,0
"Héctor Bellerín",2,1,0,1,2,2,2,0,4,1,1,5,1,5
"Mohamed Elneny",2,1,0,0,10,1,0,4,0,4,0,3,0,2
"Nacho Monreal",1,10,6,0,18,8,6,0,4,0,1,0,8,1
"Petr Cech",1,0,0,1,6,0,0,1,1,0,0,1,0,2
"Rob Holding",1,0,1,0,13,4,5,6,3,1,5,0,0,1
"Santiago Cazorla",0,0,4,0,0,3,1,1,0,3,0,1,0,0
"Theo Walcott",2,1,0,2,1,1,2,3,0,0,0,0,0,0
