"Adam Smith",0,10,1,0,2,0,5,10,0,2,0,0,10,0
"Andrew Surman",9,0,1,1,3,0,14,2,2,0,0,1,6,6
"Artur Boruc",2,0,0,0,0,0,0,0,0,0,0,0,1,4
"Callum Wilson",1,2,0,0,0,0,0,0,0,0,0,1,0,0
"Charlie Daniels",1,3,0,3,0,0,6,4,1,0,0,9,2,7
"Dan Gosling",0,0,0,0,0,0,0,0,0,1,1,0,0,0
"Harry Arter",4,3,0,0,4,0,0,2,2,0,0,5,5,7
"Jordon Ibe",5,7,0,1,1,0,1,0,2,0,0,2,2,0
"Joshua King",0,3,0,0,0,0,1,2,0,0,0,2,0,1
"Lewis Grabban",2,0,0,0,1,1,0,0,0,0,0,0,1,0
"Nathan Aké",0,0,0,0,0,0,0,0,1,0,0,0,0,0
"Ryan Fraser",0,6,0,1,5,0,2,0,4,0,0,0,0,1
"Simon Francis",11,5,2,1,0,0,1,3,0,1,0,0,0,7
"Steve Cook",1,2,5,0,16,2,3,1,0,0,0,1,8,0
