"Bruno Martins Indi",0,0,8,8,0,5,1,4,0,2,0,8,1,1
"Charlie Adam",0,0,0,0,0,1,0,0,0,0,0,0,0,0
"Erik Pieters",5,0,0,3,0,7,1,1,0,5,3,0,3,1
"Geoff Cameron",2,0,6,0,5,1,2,1,1,4,2,2,2,1
"Glen Johnson",0,0,0,1,0,2,6,0,1,0,2,4,2,7
"Glenn Whelan",7,0,6,4,4,0,2,0,0,1,1,2,4,1
"Joe Allen",3,0,3,0,2,4,0,0,0,3,1,2,3,4
"Lee Grant",2,0,0,0,1,2,0,0,0,0,0,3,0,0
"Mame Biram Diouf",0,0,0,0,0,0,0,0,0,0,2,0,0,0
"Marko Arnautovic",1,0,5,3,0,3,4,0,0,0,0,0,1,1
"Peter Crouch",0,0,0,0,1,1,2,0,0,1,0,0,0,2
"Ryan Shawcross",4,0,1,5,2,3,4,2,1,1,0,0,0,0
"Wilfried Bony",0,0,0,1,0,4,4,0,0,3,0,0,0,1
"Xherdan Shaqiri",1,0,0,3,6,1,2,1,0,0,0,0,1,0
