"Angel Rangel",0,1,1,1,2,3,0,0,1,0,3,2,0,0
"Borja Bastón",0,0,0,0,0,0,0,0,0,0,0,0,0,0
"Federico Fernández",2,0,0,1,1,4,0,11,5,2,6,4,1,1
"Fernando Llorente",1,0,0,0,2,2,0,0,1,1,0,0,0,0
"Gylfi Sigurdsson",0,0,1,2,0,2,0,0,2,0,2,0,1,2
"Jack Cork",3,0,6,4,1,0,0,5,4,5,4,1,0,1
"Jefferson Montero",0,1,0,0,0,0,0,0,0,1,3,0,0,0
"Jordi Amat",1,0,12,1,2,5,0,0,4,3,9,2,0,3
"Ki Sung-yueng",1,0,4,0,2,10,0,3,0,8,2,0,2,1
"Kyle Naughton",0,0,6,1,0,5,3,2,5,0,7,2,3,0
"Leroy Fer",2,0,5,1,3,5,0,9,5,6,0,1,1,1
"Lukasz Fabianski",0,0,1,3,0,1,0,4,0,1,1,0,0,0
"Modou Barrow",0,0,0,0,0,1,0,0,3,2,0,1,0,0
"Stephen Kingsley",0,0,0,0,1,0,0,1,1,1,3,0,0,0
