"Allan Nyom",0,1,0,1,2,3,0,0,0,1,1,0,3,3
"Ben Foster",1,0,0,0,0,0,1,0,0,0,0,1,0,0
"Chris Brunt",0,0,0,1,2,0,0,2,0,3,2,3,0,0
"Claudio Yacob",2,1,2,0,1,5,1,3,0,2,3,2,4,0
"Craig Dawson",1,1,0,3,0,0,0,1,1,0,4,0,4,0
"Darren Fletcher",6,0,0,2,1,0,0,0,0,0,0,0,7,0
"Hal Robson-Kanu",0,0,1,0,0,0,0,0,0,1,0,0,0,0
"Jake Livermore",0,0,2,4,0,2,0,0,0,0,1,3,1,0
"James McClean",1,0,1,0,0,0,0,1,0,3,0,0,0,0
"James Morrison",0,0,0,2,3,1,0,0,1,0,1,0,2,0
"Jonny Evans",1,5,1,3,1,2,0,3,0,2,0,1,1,0
"Marc Wilson",0,0,0,3,0,0,0,2,0,0,3,0,0,2
"Nacer Chadli",3,0,0,4,1,5,0,2,0,1,0,0,0,2
"Salomón Rondón",1,0,0,2,0,1,0,2,0,0,0,0,0,0
