"Ben Davies",0,3,0,3,0,0,0,0,0,1,3,0,0,0
"Dele Alli",3,0,1,1,2,0,8,4,4,2,5,1,1,0
"Eric Dier",0,0,0,0,0,5,1,11,4,3,0,12,9,0
"Erik Lamela",0,1,0,0,0,0,0,1,0,1,3,0,3,0
"Harry Kane",0,2,1,1,0,0,2,1,0,2,2,1,0,0
"Hugo Lloris",0,1,5,0,1,0,5,4,0,0,1,7,0,0
"Jan Vertonghen",1,7,1,1,5,2,0,0,12,0,12,6,7,0
"Kyle Walker",0,3,8,5,1,4,0,0,7,11,0,5,14,1
"Mousa Dembélé",0,6,4,0,0,1,16,6,0,5,4,9,17,0
"Moussa Sissoko",1,2,3,0,1,0,1,2,5,0,0,3,8,0
"Son Heung-Min",4,7,0,1,2,0,4,2,7,0,0,2,5,0
"Toby Alderweireld",0,2,13,1,1,6,8,7,13,2,2,0,7,0
"Victor Wanyama",1,8,8,1,1,2,8,14,16,3,2,9,0,0
"Vincent Janssen",0,0,0,0,0,0,0,0,0,0,1,0,0,0
