"Abdoulaye Doucouré",0,0,0,0,1,0,0,0,0,0,0,0,0
"Etienne Capoue",0,0,0,0,2,1,2,1,1,1,1,1,0
"Heurelho Gomes",0,0,0,0,0,1,2,0,0,0,4,0,1
"Isaac Success",0,0,0,0,0,0,0,0,1,0,0,0,0
"José Holebas",0,2,0,0,0,0,3,1,2,0,3,1,0
"M'Baye Niang",0,3,0,0,0,0,1,0,1,3,2,0,3
"Miguel Britos",0,2,4,0,3,0,0,2,1,2,1,1,0
"Sebastian Prödl",0,0,0,0,0,0,1,0,0,5,0,0,1
"Stefano Okaka",0,1,1,0,2,1,0,1,0,2,2,0,1
"Tom Cleverley",0,0,0,0,0,3,1,1,3,0,2,1,4
"Troy Deeney",0,2,0,0,2,0,0,0,2,2,0,0,2
"Valon Behrami",0,0,0,0,3,1,1,0,2,1,1,0,3
"Younes Kaboul",0,0,3,0,2,4,1,0,3,1,2,0,0
