"Ben Davies",0,5,9,2,0,2,1,9,2,0,1,4,2,7
"Christian Eriksen",4,0,2,5,0,0,0,8,3,0,1,3,2,7
"Dele Alli",4,7,0,5,0,4,1,2,0,0,0,2,2,6
"Eric Dier",3,5,6,0,0,5,2,3,4,0,0,0,13,7
"Georges-Kévin Nkoudou",0,0,0,0,0,0,0,0,0,0,0,0,0,0
"Harry Kane",2,2,2,2,0,0,1,2,2,1,0,0,0,1
"Hugo Lloris",2,1,0,2,0,0,0,4,1,0,0,0,4,0
"Jan Vertonghen",15,4,1,7,0,1,9,0,4,0,1,4,13,4
"Kieran Trippier",0,2,1,10,0,3,3,3,0,0,0,4,7,5
"Kyle Walker",1,0,0,0,0,1,0,0,0,0,0,0,0,1
"Mousa Dembélé",2,2,1,1,0,1,0,1,0,0,0,0,0,1
"Son Heung-Min",4,2,1,2,0,0,0,1,5,0,0,0,1,1
"Toby Alderweireld",1,3,1,9,0,3,2,14,7,0,0,4,0,3
"Victor Wanyama",3,7,8,6,1,1,0,3,6,0,0,0,5,0
