"Ashley Barnes",0,0,0,0,0,0,0,2,0,0,0,0,0,0
"Ben Mee",0,0,0,0,0,0,2,1,0,3,2,2,0,0
"Dean Marney",0,1,0,0,0,0,1,0,0,0,0,0,1,1
"George Boyd",1,0,0,0,2,0,1,0,0,0,0,0,1,1
"James Tarkowski",1,2,0,1,0,1,0,0,0,2,0,0,2,1
"Jeff Hendrick",0,0,2,0,0,0,0,0,1,0,1,1,1,1
"Johann Berg Gudmundsson",0,0,2,0,0,0,0,1,0,0,2,0,2,1
"Matthew Lowton",0,0,1,0,1,1,0,0,2,2,2,0,0,3
"Michael Keane",0,1,0,0,1,1,4,3,0,5,0,1,0,1
"Paul Robinson",1,1,0,0,0,0,0,0,0,0,6,0,0,0
"Sam Vokes",0,0,1,2,1,3,0,0,2,0,0,1,0,0
"Scott Arfield",0,0,0,0,2,0,0,1,2,0,1,0,0,0
"Stephen Ward",0,3,0,1,3,0,0,0,1,1,0,0,0,3
"Steven Defour",0,1,1,1,1,1,0,2,2,1,0,2,2,0
