"Bruno Martins Indi",0,5,2,1,2,0,3,7,0,2,0,1,2,0
"Erik Pieters",6,0,2,0,9,0,5,3,0,0,0,7,3,0
"Geoff Cameron",5,3,0,5,6,0,3,0,0,3,1,4,4,0
"Glen Johnson",1,1,4,0,2,1,1,1,0,3,5,1,3,0
"Glenn Whelan",2,6,5,4,0,0,4,1,1,0,5,10,3,0
"Ibrahim Afellay",0,2,0,0,1,0,0,0,1,0,0,1,0,1
"Joe Allen",2,8,7,1,7,0,0,0,0,0,3,4,0,0
"Lee Grant",0,1,1,0,2,0,1,0,0,1,5,0,4,0
"Mame Biram Diouf",0,0,0,0,2,1,1,0,0,0,0,0,0,0
"Marko Arnautovic",0,1,2,4,3,0,5,0,0,0,1,0,0,0
"Peter Crouch",0,1,2,0,3,0,2,0,2,2,0,1,1,0
"Ramadan Sobhi",1,4,4,2,4,1,5,0,0,4,4,0,0,0
"Ryan Shawcross",0,0,6,4,3,0,0,7,1,3,2,1,0,0
"Saido Berahino",0,0,0,0,0,1,0,0,0,0,0,0,0,0
