"Abel Hernández",0,0,0,0,0,0,1,0,0,0,0,0,0,2
"Alfred N'Diaye",0,0,0,1,1,0,1,1,0,1,4,0,0,2
"Andrea Ranocchia",0,2,0,1,0,0,1,1,0,1,1,0,0,6
"Andrew Robertson",0,2,1,0,0,1,0,3,4,1,0,2,1,1
"David Meyler",0,0,0,0,0,0,0,0,0,0,0,0,0,0
"Eldin Jakupovic",0,0,0,1,0,0,0,0,0,1,1,1,0,0
"Evandro",0,4,1,2,0,0,0,0,0,2,1,0,3,3
"Harry Maguire",0,0,3,2,0,1,1,0,0,0,1,0,1,2
"Josh Tymon",0,1,0,3,0,0,0,0,0,0,0,0,0,0
"Kamil Grosicki",0,1,0,0,0,0,0,0,0,0,5,0,0,0
"Omar Elabdellaoui",0,1,0,1,1,0,4,0,0,4,0,0,0,3
"Oumar Niasse",0,0,0,0,0,0,0,0,1,0,0,0,1,0
"Sam Clucas",0,0,0,2,0,0,1,0,1,0,0,1,0,2
"Tom Huddlestone",0,2,3,4,0,0,1,5,0,1,1,0,1,0
