"Cuco Martina",0,10,0,0,1,0,5,7,8,0,1,0,5,0
"Dusan Tadic",5,0,0,0,1,0,0,1,4,1,1,3,5,0
"Fraser Forster",0,0,0,0,0,0,1,0,1,1,0,0,1,1
"James Ward-Prowse",0,0,0,0,0,4,0,5,0,0,0,0,3,0
"Jay Rodriguez",0,0,0,1,0,0,1,1,0,2,1,0,1,0
"Josh Sims",0,0,0,0,0,0,1,1,0,0,1,2,2,0
"Maya Yoshida",6,2,5,4,0,0,0,7,13,1,1,1,5,13
"Oriol Romeu",5,4,0,0,1,0,9,0,3,9,3,5,6,4
"Pierre-Emile Højbjerg",11,5,0,0,0,0,8,5,0,2,1,1,2,1
"Sam McQueen",0,0,3,0,3,0,5,5,2,0,2,8,9,6
"Shane Long",0,2,0,0,1,0,0,4,0,2,0,1,7,2
"Sofiane Boufal",2,1,0,0,1,1,2,5,1,8,2,0,6,0
"Steven Davis",4,4,1,0,1,2,10,8,4,8,6,10,0,6
"Virgil van Dijk",2,0,1,2,1,0,12,5,2,4,3,3,8,0
