"Andre Gray",0,2,0,1,2,0,1,0,0,0,0,0,1,0
"Ashley Barnes",4,0,1,1,0,1,0,0,0,0,0,4,2,0
"Ben Mee",1,1,0,2,1,0,4,1,0,3,0,4,0,1
"Dean Marney",0,0,2,0,0,0,3,0,2,1,0,1,1,0
"George Boyd",0,2,0,0,0,0,1,3,6,1,1,0,0,0
"James Tarkowski",0,0,0,0,0,0,0,0,1,0,0,0,0,0
"Jeff Hendrick",0,2,2,3,0,0,0,1,1,4,1,3,2,0
"Joey Barton",0,1,0,0,2,0,0,0,1,0,0,1,0,0
"Matthew Lowton",2,4,1,2,5,0,0,2,0,1,3,0,0,1
"Michael Keane",1,1,3,1,1,0,2,0,2,0,0,0,0,3
"Sam Vokes",0,1,0,0,0,0,0,0,1,0,0,0,0,0
"Stephen Ward",2,2,3,1,1,0,4,0,1,0,1,0,6,1
"Steven Defour",1,3,0,1,0,0,4,0,0,2,0,3,0,1
"Tom Heaton",0,0,1,0,0,0,0,0,0,0,1,0,2,0
