"Bruno Martins Indi",0,4,6,0,2,5,0,6,0,1,0,2,1,1
"Charlie Adam",0,0,0,0,0,2,0,0,0,0,4,2,1,0
"Erik Pieters",5,6,0,0,6,6,3,1,0,0,3,6,0,1
"Glen Johnson",2,0,0,0,6,6,5,1,0,5,0,0,5,2
"Glenn Whelan",2,0,6,5,0,6,0,2,0,7,1,2,5,0
"Joe Allen",2,0,6,5,6,0,1,2,0,3,1,4,3,2
"Jonathan Walters",0,0,1,0,0,0,0,0,0,0,0,3,1,0
"Lee Grant",5,0,2,0,0,1,0,0,0,0,3,0,1,1
"Mame Biram Diouf",0,0,0,1,0,1,0,0,0,0,0,0,0,0
"Marko Arnautovic",0,0,3,6,4,6,0,0,1,0,0,3,0,1
"Peter Crouch",0,0,1,0,0,1,0,0,0,3,0,2,1,1
"Ramadan Sobhi",0,0,4,1,4,3,0,1,0,4,2,0,0,1
"Ryan Shawcross",3,0,0,3,5,0,0,5,1,2,0,1,0,2
"Saido Berahino",0,0,1,1,6,0,1,0,0,2,1,2,0,0
