"Charlie Austin",0,1,1,0,0,0,0,0,0,2,0,0,0,0
"Cuco Martina",1,0,9,0,0,0,16,16,0,5,8,0,0,3
"Dusan Tadic",1,10,0,0,0,0,3,5,2,1,3,0,5,0
"Fraser Forster",0,0,1,0,0,0,0,2,0,0,0,3,0,4
"James Ward-Prowse",0,0,1,0,0,0,0,0,0,0,0,1,1,0
"Jay Rodriguez",0,0,2,0,0,0,0,0,0,1,2,2,2,3
"Jordy Clasie",2,9,6,0,0,2,0,4,0,3,12,3,3,2
"José Fonte",0,9,5,6,0,1,4,0,0,4,9,0,2,8
"Matt Targett",0,0,1,0,0,0,0,0,0,0,0,0,5,2
"Nathan Redmond",0,6,0,0,0,2,6,2,0,0,3,4,6,2
"Oriol Romeu",2,5,5,3,0,1,9,13,0,2,0,4,8,8
"Sam McQueen",0,0,2,0,1,2,2,0,0,10,2,0,9,7
"Steven Davis",3,6,5,0,1,4,4,4,4,3,7,6,0,5
"Virgil van Dijk",0,6,2,6,0,0,3,5,0,1,7,6,9,0
