"Aaron Cresswell",0,0,1,0,0,1,0,0,3,1,3,1,0,4
"Cheikhou Kouyaté",0,0,0,0,1,0,15,3,8,2,5,6,6,3
"Darren Randolph",0,1,0,0,0,2,5,0,0,0,1,0,0,5
"Edimilson Fernandes",0,0,0,0,1,0,0,0,0,0,0,0,1,0
"James Collins",0,0,0,0,0,0,0,0,1,0,0,0,0,0
"Jonathan Calleri",0,0,0,0,0,0,0,2,2,2,0,0,1,0
"José Fonte",1,10,3,0,0,0,0,1,6,0,8,3,2,11
"Manuel Lanzini",3,3,1,1,0,0,2,0,7,5,11,9,8,3
"Mark Noble",4,7,1,0,1,1,6,13,0,5,5,3,4,5
"Michail Antonio",0,4,0,0,0,2,0,4,8,0,1,0,2,2
"Pedro Obiang",2,7,0,0,0,1,4,8,4,2,0,6,5,6
"Robert Snodgrass",0,4,0,0,0,0,1,3,9,1,5,0,4,0
"Sofiane Feghouli",0,7,0,0,0,0,0,6,0,2,4,4,0,2
"Winston Reid",3,1,5,0,0,0,7,11,11,4,5,1,1,0
