"Adam Smith",0,0,0,0,0,6,0,5,0,10,0,0,4,2
"Artur Boruc",0,0,1,1,0,0,0,0,0,1,0,0,0,1
"Benik Afobe",0,0,0,0,0,0,0,1,0,0,0,0,0,0
"Callum Wilson",0,0,0,0,0,0,0,2,1,0,0,0,0,0
"Charlie Daniels",0,0,0,0,0,2,1,2,10,0,3,0,0,3
"Dan Gosling",5,0,0,1,4,0,5,0,2,4,0,0,5,1
"Harry Arter",1,0,0,0,2,4,0,2,0,0,0,0,5,2
"Jack Wilshere",3,0,1,0,5,2,1,0,1,1,2,0,2,0
"Jordon Ibe",0,0,0,0,9,2,3,0,0,1,0,0,2,0
"Joshua King",7,1,1,0,0,5,2,0,0,0,0,0,3,0
"Max Gradel",0,0,0,0,1,0,2,1,0,0,0,0,0,0
"Ryan Fraser",0,0,0,0,0,0,0,1,0,0,0,0,0,0
"Simon Francis",6,4,0,0,1,5,1,0,0,3,0,0,0,3
"Steve Cook",1,3,0,0,3,0,0,0,0,1,0,0,2,0
