"Aaron Lennon",0,1,3,10,0,0,2,3,2,3,1,3,0,1
"Ashley Williams",0,0,7,2,2,0,0,12,17,2,0,2,0,1
"Gareth Barry",3,2,0,9,1,2,13,1,6,2,0,3,0,0
"Idrissa Gueye",11,5,11,0,0,4,5,7,3,3,1,6,0,3
"Joel Robles",0,3,0,0,0,1,0,1,2,0,0,0,0,0
"Kevin Mirallas",0,2,3,4,0,0,1,1,2,2,0,1,0,0
"Leighton Baines",3,2,7,2,0,2,0,0,4,4,3,1,0,3
"Mason Holgate",2,14,1,0,5,3,1,0,0,0,1,6,0,0
"Ramiro Funes Mori",2,9,6,5,9,1,5,4,0,1,0,2,0,1
"Romelu Lukaku",5,0,2,4,1,0,0,0,1,0,0,2,0,0
"Ross Barkley",0,0,0,2,0,0,3,0,0,2,0,0,0,1
"Seamus Coleman",4,0,1,10,0,1,1,8,1,8,0,0,0,0
"Tom Cleverley",0,0,0,1,0,0,0,0,0,0,0,0,0,0
"Tom Davies",0,1,0,5,0,0,1,0,1,1,0,2,0,0
