"Alex Iwobi",0,7,0,2,0,4,6,3,0,3,1,0,0,1
"Alex Oxlade-Chamberlain",4,0,2,1,2,1,5,3,0,8,0,1,1,0
"Alexis Sánchez",3,1,0,0,0,1,1,0,0,4,1,0,1,0
"Danny Welbeck",0,0,0,0,2,3,1,1,0,1,0,0,0,0
"Francis Coquelin",1,0,0,2,0,4,2,2,0,0,2,0,0,0
"Granit Xhaka",3,5,2,2,1,0,4,7,0,7,1,0,3,0
"Héctor Bellerín",11,9,0,0,2,2,0,0,0,0,1,1,6,0
"Laurent Koscielny",2,0,1,1,0,4,2,0,0,7,1,1,12,1
"Lucas Pérez",1,0,0,0,0,1,0,0,0,0,0,0,0,0
"Nacho Monreal",1,0,13,2,1,8,0,5,0,0,3,2,1,0
"Olivier Giroud",2,1,1,1,5,2,0,1,0,1,0,0,0,0
"Petr Cech",0,1,0,1,0,1,0,1,0,0,3,0,1,0
"Shkodran Mustafi",4,2,0,0,1,4,9,2,1,0,2,6,0,0
"Theo Walcott",0,0,0,0,0,0,0,0,0,0,0,0,0,0
