"Ben Foster",0,0,0,2,0,0,2,1,3,0,0,1,0
"Brendan Galloway",0,0,2,0,0,5,0,1,6,4,0,2,5
"Claudio Yacob",0,3,0,2,1,9,3,0,1,0,0,2,2
"Craig Dawson",2,2,2,0,0,10,3,0,0,2,1,2,1
"Craig Gardner",0,0,0,1,0,2,0,0,0,0,0,2,0
"Darren Fletcher",0,5,1,5,2,0,2,3,3,2,0,2,4
"Gareth McAuley",3,0,3,1,0,5,0,1,5,0,0,0,0
"James McClean",0,3,1,0,0,1,1,0,1,0,0,0,3
"Jonny Evans",4,3,7,3,1,2,6,1,0,1,0,2,6
"Matt Phillips",0,0,0,1,0,2,0,1,1,0,0,1,1
"Saido Berahino",0,0,0,1,2,1,0,0,0,0,0,1,0
"Salomón Rondón",0,1,0,1,0,0,0,2,0,0,2,0,2
"Sam Field",1,5,2,2,0,4,0,5,8,1,0,1,0
