"Aaron Ramsey",0,4,5,0,5,13,1,7,5,2,2,1,8
"Alex Oxlade-Chamberlain",9,0,0,0,13,12,0,1,6,0,5,0,3
"Alexis Sánchez",5,3,0,0,4,6,0,3,1,5,2,0,2
"Francis Coquelin",0,0,0,0,0,0,0,0,0,0,1,0,0
"Gabriel",12,9,0,0,0,10,1,12,6,0,0,3,3
"Granit Xhaka",10,7,6,0,9,0,2,8,15,10,3,3,3
"Héctor Bellerín",0,2,0,0,0,1,0,0,0,0,0,0,0
"Laurent Koscielny",5,2,1,0,17,3,0,0,4,3,2,1,9
"Mesut Özil",4,5,6,0,8,7,0,2,0,3,0,0,3
"Nacho Monreal",4,0,18,0,0,10,0,1,2,0,1,0,7
"Olivier Giroud",2,3,8,1,0,4,0,0,2,1,0,0,0
"Petr Cech",0,0,0,0,1,0,0,1,0,1,1,0,1
"Rob Holding",5,2,3,0,0,7,0,12,1,6,0,1,0
