"Ahmed Musa",0,1,1,3,0,2,0,0,0,0,1,0,0,0
"Andy King",1,0,3,2,0,2,2,0,0,0,1,4,1,1
"Christian Fuchs",2,2,0,4,0,6,2,0,0,0,0,0,1,0
"Daniel Drinkwater",3,1,6,0,8,5,1,0,1,1,3,0,0,0
"Danny Simpson",0,1,0,3,0,0,0,2,1,1,4,0,2,0
"Jamie Vardy",1,2,2,3,0,0,0,0,0,0,1,0,3,0
"Jeffrey Schlupp",0,0,2,0,1,1,0,0,2,0,0,0,0,0
"Kasper Schmeichel",1,0,2,1,0,0,0,0,0,0,2,0,0,0
"Leonardo Ulloa",0,0,3,1,0,1,2,0,0,0,0,0,0,0
"Marc Albrighton",0,0,0,0,0,1,0,0,1,0,0,0,0,0
"Riyad Mahrez",1,5,0,6,1,1,0,0,0,0,0,0,4,0
"Robert Huth",0,0,0,0,0,0,0,1,1,0,0,0,0,0
"Shinji Okazaki",0,2,0,3,1,1,0,0,0,0,2,0,0,0
"Wes Morgan",0,0,0,3,1,1,0,0,0,0,1,0,0,0
