"Bruno Martins Indi",0,4,2,0,2,0,0,0,11,0,0,0,0
"Charlie Adam",0,0,5,6,4,0,2,0,0,5,2,0,3
"Erik Pieters",6,6,0,0,2,3,2,0,2,3,4,3,0
"Glen Johnson",1,1,1,0,8,0,3,0,3,0,3,1,12
"Glenn Whelan",6,5,6,7,0,3,5,0,1,1,2,2,5
"Ibrahim Afellay",1,0,3,0,3,0,1,0,0,2,1,0,0
"Joe Allen",0,4,3,4,4,2,0,0,0,3,1,1,2
"Julien Ngoy",0,0,0,0,0,2,0,0,0,0,0,0,0
"Lee Grant",0,1,0,0,3,0,1,0,0,1,3,4,1
"Marko Arnautovic",0,5,3,0,4,1,1,0,0,0,1,0,1
"Peter Crouch",0,1,1,1,2,1,4,1,0,1,0,0,2
"Ryan Shawcross",1,0,2,2,4,0,1,1,1,1,1,0,0
"Xherdan Shaqiri",1,3,0,6,4,0,6,0,0,2,2,1,0
