"César Azpilicueta",0,2,18,8,11,6,3,0,16,6,12,7,3,7
"Cesc Fàbregas",3,0,4,4,1,2,3,0,2,0,2,0,1,2
"David Luiz",20,7,0,3,4,15,3,1,5,1,0,5,2,0
"Diego Costa",5,3,2,0,8,1,3,0,6,6,5,0,0,0
"Eden Hazard",6,3,2,8,0,1,3,0,7,3,6,0,4,2
"Gary Cahill",4,1,17,2,3,0,13,0,2,4,1,4,0,2
"Marcos Alonso",0,7,4,6,10,9,0,0,2,10,4,1,0,0
"Michy Batshuayi",1,1,0,1,0,0,0,0,0,0,0,0,0,0
"N'Golo Kanté",11,1,5,5,5,9,3,1,0,3,11,0,10,1
"Nemanja Matic",7,0,3,1,5,2,6,0,3,0,1,2,0,0
"Pedro",4,2,2,3,6,0,6,0,10,0,0,0,6,1
"Thibaut Courtois",10,1,5,0,0,4,1,0,0,0,0,0,0,0
"Victor Moses",9,0,1,1,4,0,0,0,8,3,2,2,0,0
"Willian",4,2,0,0,2,0,1,0,2,0,0,0,0,0
