"Aaron Lennon",0,0,0,1,0,0,0,0,0,1,0,0,0,0
"Ashley Williams",0,0,0,3,5,4,0,0,7,2,2,8,1,2
"Bryan Oviedo",0,0,0,2,3,0,1,0,7,1,6,0,1,1
"Gareth Barry",0,2,6,0,6,0,3,0,3,2,4,3,1,3
"Idrissa Gueye",0,9,4,12,0,0,0,2,5,5,2,9,0,1
"Joel Robles",0,3,0,0,0,0,1,0,1,0,0,0,0,1
"Kevin Mirallas",0,1,1,3,1,0,0,0,2,0,3,0,0,0
"Phil Jagielka",0,0,0,0,0,0,0,0,1,0,0,0,0,0
"Ramiro Funes Mori",0,5,9,6,2,5,1,0,0,1,1,1,0,0
"Romelu Lukaku",0,0,2,3,2,0,1,0,0,0,5,4,1,2
"Ross Barkley",0,1,2,5,6,0,3,0,0,1,0,2,0,2
"Seamus Coleman",0,4,1,1,15,1,0,0,2,2,1,0,5,4
"Tom Cleverley",0,0,0,3,3,0,0,0,0,2,0,2,0,1
"Yannick Bolasie",0,1,0,0,3,0,0,0,0,3,1,3,0,0
