"Cédric Soares",0,5,0,1,1,5,3,2,11,1,10,2,1,0
"Dusan Tadic",2,0,0,0,4,0,2,1,1,1,2,10,1,0
"Fraser Forster",0,0,0,0,0,1,0,1,0,0,1,1,0,0
"Jack Stephens",2,1,0,0,0,0,1,1,0,1,0,0,0,0
"James Ward-Prowse",0,9,0,0,0,2,0,1,5,5,5,10,0,0
"Jay Rodriguez",1,2,0,0,2,0,0,0,3,2,3,1,0,1
"Jordy Clasie",2,2,0,0,0,0,0,2,1,0,0,1,0,0
"Maya Yoshida",2,0,3,2,1,0,1,0,0,2,1,4,0,1
"Nathan Redmond",8,3,0,0,5,1,0,4,0,1,9,4,0,1
"Oriol Romeu",4,1,0,1,6,2,1,5,4,0,5,6,0,3
"Pierre-Emile Højbjerg",11,1,0,1,2,1,0,2,7,10,0,4,0,1
"Ryan Bertrand",1,13,2,0,12,4,0,1,5,7,1,0,1,5
"Shane Long",1,0,0,0,0,0,0,0,0,0,0,1,0,0
"Virgil van Dijk",2,0,1,0,3,1,0,2,1,1,3,2,0,0
