"Allan Nyom",0,3,1,2,0,7,0,0,2,3,0,3,2,0
"Ben Foster",0,0,0,0,0,0,1,0,0,0,0,0,0,0
"Chris Brunt",0,0,0,0,1,0,0,0,0,0,0,1,0,1
"Claudio Yacob",4,0,0,0,8,3,3,1,4,3,0,4,0,0
"Craig Dawson",0,1,1,5,0,1,9,1,8,0,3,0,5,1
"Darren Fletcher",4,1,0,3,0,0,0,0,4,1,1,4,3,2
"Gareth McAuley",0,2,0,1,2,3,0,2,1,0,0,2,1,0
"Hal Robson-Kanu",0,0,0,0,0,2,0,0,2,1,0,0,3,0
"Jake Livermore",2,0,0,1,10,3,1,3,0,0,0,4,4,0
"James McClean",4,0,0,4,0,1,0,2,0,0,0,2,1,0
"James Morrison",0,0,2,0,1,0,1,0,2,0,0,1,0,0
"Jonny Evans",7,2,0,2,2,2,3,1,4,2,1,0,2,0
"Nacer Chadli",0,0,0,2,4,3,0,1,3,1,1,1,0,0
"Salomón Rondón",0,0,0,0,1,1,0,0,0,0,2,0,0,0
