"Adnan Januzaj",0,0,0,0,1,0,0,0,0,1,0,0,1,1
"Didier Ndong",3,0,1,3,2,3,1,0,1,3,0,2,1,0
"Duncan Watmore",0,0,0,1,0,0,0,0,1,1,0,0,0,0
"Jan Kirchhoff",1,5,0,0,1,1,0,1,1,4,0,1,0,0
"Jason Denayer",5,2,0,1,0,0,1,1,0,1,0,0,1,1
"Javier Manquillo",0,3,0,0,0,0,1,1,0,4,1,2,3,0
"Jermain Defoe",1,1,0,0,0,1,0,0,0,1,0,1,0,1
"Jordan Pickford",0,0,0,0,0,0,1,0,1,0,0,0,0,1
"Lamine Koné",0,0,0,0,1,0,0,1,0,0,0,1,0,0
"Lee Cattermole",2,3,2,2,0,3,1,1,1,0,0,0,2,0
"Paddy McNair",0,0,0,0,0,0,0,0,0,0,0,0,0,0
"Papy Djilobodji",0,2,0,0,0,0,0,0,0,3,0,0,0,1
"Steven Pienaar",1,1,0,1,3,1,2,0,0,1,0,0,0,0
"Wahbi Khazri",1,0,0,0,1,0,0,0,0,1,0,0,0,0
