"Cédric Soares",0,9,1,10,4,1,3,0,1,5,0,2,2,13
"Dusan Tadic",3,0,0,2,5,0,0,1,1,2,4,0,2,10
"Fraser Forster",1,1,0,1,0,0,0,0,0,0,0,0,1,0
"Jack Stephens",8,2,1,0,1,1,1,8,0,7,3,0,1,5
"James Ward-Prowse",2,2,0,1,0,0,0,1,0,7,8,0,2,4
"Jay Rodriguez",0,1,0,0,0,0,0,0,0,0,0,0,0,0
"Manolo Gabbiadini",0,3,0,0,0,0,0,0,0,1,1,0,0,0
"Maya Yoshida",0,0,4,2,2,0,0,0,0,13,10,0,1,4
"Nathan Redmond",1,0,0,0,0,0,0,0,0,1,2,1,0,0
"Oriol Romeu",9,6,0,6,3,1,0,8,1,0,10,0,3,13
"Ryan Bertrand",2,3,0,0,5,0,1,7,3,8,0,0,13,7
"Shane Long",0,0,1,1,0,0,0,0,0,0,0,0,0,1
"Sofiane Boufal",4,0,0,1,4,0,0,0,0,3,7,0,0,2
"Steven Davis",18,7,1,10,4,0,0,2,1,10,6,0,1,0
