"Allan Nyom",0,0,3,2,0,0,0,1,0,0,2,1,0,0
"Ben Foster",0,0,0,0,0,0,0,3,1,0,0,1,0,0
"Chris Brunt",0,2,0,2,2,0,1,4,0,2,2,3,2,1
"Claudio Yacob",2,1,1,0,1,1,2,1,1,2,0,2,0,1
"Craig Dawson",0,1,1,2,0,4,1,1,1,2,0,2,1,0
"Darren Fletcher",0,0,1,2,1,0,3,2,1,1,2,0,0,0
"Gareth McAuley",0,1,0,0,0,3,0,1,0,0,1,0,0,0
"Hal Robson-Kanu",1,0,1,1,0,0,0,0,0,0,1,1,1,0
"James McClean",0,0,0,1,0,1,0,0,0,1,0,1,0,0
"James Morrison",0,0,2,0,1,4,0,1,0,0,3,4,0,1
"Jonny Evans",3,3,1,2,1,1,1,0,0,3,0,2,1,0
"Matt Phillips",1,0,3,3,0,0,0,0,0,4,0,0,0,1
"Nacer Chadli",1,0,0,2,1,0,0,0,0,0,0,1,0,0
"Salomón Rondón",0,0,0,0,0,2,0,0,0,1,0,0,0,0
