"Adam Clayton",0,0,1,0,4,4,5,1,2,7,0,1,2,1
"Adam Forshaw",0,0,2,0,1,1,0,0,0,0,0,0,3,0
"Adama Traoré",1,1,0,0,1,1,0,0,0,1,0,1,0,0
"Álvaro Negredo",1,0,0,0,0,1,1,0,1,2,0,4,0,0
"Antonio Barragán",4,3,1,2,0,2,6,6,1,0,0,4,0,2
"Ben Gibson",2,0,0,2,0,0,8,0,1,7,1,4,5,5
"Calum Chambers",3,0,0,0,6,4,0,1,1,2,0,2,0,6
"Cristhian Stuani",0,0,1,0,2,0,0,0,1,0,1,2,1,0
"Gastón Ramírez",1,0,0,1,3,0,0,0,0,1,0,3,1,0
"George Friend",2,1,2,3,0,4,0,3,2,0,1,3,16,0
"Jordan Rhodes",0,0,1,0,0,0,0,0,0,0,0,1,0,0
"Marten de Roon",4,1,0,2,4,3,5,0,1,3,1,0,5,0
"Stewart Downing",3,1,0,0,5,6,1,1,2,8,0,5,0,0
"Víctor Valdés",1,0,0,2,0,3,1,0,0,1,1,0,0,0
