"Adnan Januzaj",0,4,0,1,1,0,0,1,0,0,0,4,0
"Billy Jones",8,0,0,2,2,0,0,1,1,1,4,8,0
"Bryan Oviedo",0,0,0,11,3,3,2,1,1,3,2,2,0
"Darron Gibson",0,3,6,0,1,3,0,0,3,1,1,4,0
"Didier Ndong",3,1,2,0,0,2,1,0,0,0,2,3,1
"Fabio Borini",0,0,2,3,1,0,1,1,1,0,1,0,0
"Jack Rodwell",0,0,2,0,0,0,0,0,0,0,1,1,1
"Jermain Defoe",1,1,1,3,0,0,0,0,0,0,0,2,0
"John O'Shea",0,1,4,1,2,0,2,0,0,2,3,1,0
"Jordan Pickford",0,1,0,0,0,1,0,0,0,0,3,0,0
"Lamine Koné",2,3,0,0,2,0,0,1,3,1,0,3,0
"Sebastian Larsson",3,4,1,3,3,1,0,2,7,2,2,0,0
"Wahbi Khazri",0,0,0,0,1,0,0,0,0,0,0,0,0
