"Adam Smith",0,0,1,0,11,4,8,1,2,10,0,1,8,0
"Artur Boruc",0,0,0,2,0,2,0,0,0,1,0,0,1,2
"Benik Afobe",0,0,0,2,2,1,2,0,0,3,1,3,1,0
"Charlie Daniels",1,0,2,0,9,14,5,1,2,2,0,3,1,9
"Dan Gosling",14,0,1,5,0,14,7,3,6,1,1,1,8,4
"Harry Arter",7,2,1,9,13,0,7,2,0,5,0,0,3,6
"Jack Wilshere",2,0,2,7,7,4,0,0,3,12,0,2,0,2
"Jordon Ibe",0,0,0,1,2,1,2,0,0,0,0,0,1,0
"Joshua King",3,0,0,0,4,2,2,1,0,1,0,0,0,1
"Junior Stanislas",7,0,2,3,5,4,8,0,2,0,0,0,3,0
"Lys Mousset",0,0,1,0,0,0,1,0,0,0,0,0,1,0
"Ryan Fraser",1,0,2,2,0,0,1,0,0,0,1,0,1,0
"Simon Francis",7,5,0,2,7,4,1,0,1,1,0,0,0,11
"Steve Cook",3,4,1,12,3,7,3,1,0,0,0,0,8,0
