"Branislav Ivanovic",0,0,1,2,1,9,0,0,2,3,6,1,4,4
"César Azpilicueta",0,0,2,7,9,2,11,0,4,10,0,2,0,0
"Cesc Fàbregas",1,1,0,3,1,2,0,0,4,0,1,0,1,0
"Diego Costa",2,1,1,0,4,0,0,0,2,3,0,0,0,1
"Eden Hazard",4,8,2,6,0,1,2,0,4,3,3,0,1,4
"Gary Cahill",3,1,0,0,0,0,15,0,6,3,7,3,0,3
"John Terry",3,11,0,2,7,4,0,0,3,4,4,9,0,0
"Michy Batshuayi",0,0,0,0,0,0,0,0,0,0,0,0,0,0
"N'Golo Kanté",5,7,4,0,2,4,8,0,0,4,3,1,1,4
"Nemanja Matic",1,10,0,2,9,1,6,0,3,0,3,0,0,2
"Oscar",4,1,1,1,3,3,0,0,0,2,0,1,0,5
"Thibaut Courtois",0,1,1,0,0,8,1,0,2,0,0,0,0,0
"Victor Moses",1,0,1,0,1,0,0,1,1,0,0,0,0,0
"Willian",6,1,0,2,2,1,1,0,3,1,1,0,0,0
