"Ashley Barnes",0,0,0,0,1,0,1,0,0,0,0,0,0,0
"Ben Mee",0,0,0,0,0,0,0,5,0,2,2,0,1,3
"Dean Marney",1,3,0,1,0,2,1,3,3,3,1,3,5,2
"George Boyd",0,0,0,0,0,0,0,2,0,0,1,0,1,0
"James Tarkowski",0,0,0,0,0,0,0,1,0,0,0,0,0,0
"Jeff Hendrick",0,0,3,0,0,0,1,3,0,5,1,2,1,1
"Johann Berg Gudmundsson",0,1,3,0,0,1,0,0,3,1,0,0,3,0
"Jon Flanagan",0,3,3,1,1,3,1,0,1,2,5,5,0,1
"Matthew Lowton",0,2,6,0,0,0,3,0,0,0,6,0,2,0
"Michael Keane",0,2,1,0,0,2,3,0,2,0,0,0,2,1
"Sam Vokes",1,0,0,2,0,1,1,0,1,0,0,1,0,0
"Scott Arfield",0,1,2,0,0,0,0,6,1,0,2,0,2,0
"Steven Defour",0,1,4,0,0,2,6,2,3,1,3,2,0,0
"Tom Heaton",0,0,0,0,0,1,0,0,0,0,7,1,0,0
