"Allan Nyom",0,1,0,3,5,1,0,0,0,0,3,1,0,0
"Ben Foster",0,0,0,0,0,1,0,1,1,0,0,0,3,0
"Chris Brunt",0,4,0,2,2,3,0,2,3,7,1,3,3,0
"Craig Dawson",3,1,1,0,2,0,0,1,0,1,0,0,1,0
"Darren Fletcher",2,0,4,2,0,0,0,3,0,6,1,3,2,0
"Gareth McAuley",0,2,1,0,1,0,0,2,0,1,2,0,1,0
"Hal Robson-Kanu",0,0,0,0,1,0,0,0,0,0,0,0,1,0
"Jake Livermore",3,1,9,0,2,1,0,0,1,3,4,1,4,0
"James McClean",0,0,3,0,2,0,0,1,0,0,0,0,0,0
"James Morrison",0,0,2,2,5,0,0,5,0,0,1,5,4,0
"Matt Phillips",3,0,0,0,1,0,0,1,0,3,0,1,2,0
"Nacer Chadli",0,0,3,0,2,0,0,0,0,2,0,0,1,0
"Salomón Rondón",1,0,2,0,2,0,0,3,0,3,1,1,0,0
"Sam Field",0,0,0,0,0,0,0,0,0,0,0,0,1,0
