"Aaron Cresswell",0,0,0,0,0,0,1,0,0,0,0,0,0
"Adrián",0,0,1,1,1,0,2,0,0,0,0,0,0
"André Ayew",0,0,0,1,2,0,0,1,0,1,2,6,0
"Arthur Masuaku",0,0,2,0,0,1,1,8,5,0,1,21,0
"Cheikhou Kouyaté",0,0,0,0,0,0,5,1,1,0,2,4,0
"Diafra Sakho",0,0,0,0,0,0,0,0,0,0,0,0,0
"Edimilson Fernandes",2,1,0,0,5,0,0,3,2,0,2,4,1
"Håvard Nordtveit",2,0,1,3,0,0,3,0,4,1,7,3,1
"James Collins",0,2,2,4,3,0,1,0,0,1,1,4,1
"Jonathan Calleri",0,0,0,0,0,0,0,0,0,0,1,0,0
"José Fonte",0,2,1,0,1,0,2,5,0,1,0,3,3
"Manuel Lanzini",0,1,4,20,2,0,2,5,2,0,3,0,3
"Winston Reid",0,1,1,2,1,0,2,2,2,0,1,2,0
