"Ben Mee",0,3,1,2,0,1,0,2,0,0,2,2,2,1
"Dean Marney",3,0,1,4,3,1,6,6,0,0,0,2,2,1
"James Tarkowski",1,0,0,0,0,0,0,1,0,0,0,2,1,1
"Jeff Hendrick",3,8,0,0,2,3,1,5,0,0,1,3,4,1
"Johann Berg Gudmundsson",0,5,0,2,0,0,2,1,0,0,0,0,1,0
"Jon Flanagan",3,0,0,2,0,0,0,0,0,0,0,0,0,0
"Matthew Lowton",0,2,0,4,4,0,0,1,0,1,2,2,0,0
"Michael Keane",3,5,1,2,4,0,1,0,0,0,0,1,0,3
"Michael Kightly",0,0,0,0,0,0,0,0,0,0,0,1,4,0
"Patrick Bamford",0,0,0,0,1,0,0,0,0,0,0,0,0,0
"Sam Vokes",0,0,0,2,2,0,1,0,1,0,0,1,0,0
"Scott Arfield",0,3,1,3,0,0,3,0,2,0,1,0,0,0
"Stephen Ward",1,3,1,4,0,0,0,0,2,0,3,0,0,1
"Tom Heaton",0,0,0,0,0,0,0,1,0,0,2,0,0,0
