"Abel Hernández",0,0,0,1,0,0,1,0,1,0,1,1,2,0
"Adama Diomande",0,0,0,1,0,0,0,0,0,0,0,0,1,0
"Ahmed Elmohamady",0,0,0,0,0,1,0,0,2,0,2,0,2,0
"Andrew Robertson",1,0,0,0,2,1,0,0,1,0,2,1,6,0
"Curtis Davies",0,0,0,1,0,1,0,1,4,1,0,0,5,0
"David Marshall",0,2,1,1,1,0,0,0,2,0,0,0,0,0
"David Meyler",0,0,0,0,0,0,0,1,6,1,1,1,0,0
"Harry Maguire",0,0,0,2,0,1,1,0,5,0,0,0,2,0
"Jake Livermore",0,0,4,1,3,2,6,4,0,2,2,3,8,3
"Markus Henriksen",0,0,0,0,0,0,1,0,1,0,1,0,1,0
"Robert Snodgrass",0,0,1,1,1,1,1,0,2,0,0,1,2,0
"Ryan Mason",1,1,0,0,2,0,0,0,1,0,0,0,1,3
"Sam Clucas",0,0,0,7,5,0,2,2,5,0,2,3,0,1
"Tom Huddlestone",0,0,1,0,1,0,0,0,2,0,1,1,3,0
