"Cédric Soares",0,0,3,5,3,5,2,0,1,0,1,2,1,0
"Dusan Tadic",0,0,0,0,0,0,0,1,0,0,0,0,0,0
"Fraser Forster",0,0,0,0,1,0,0,0,0,0,0,0,0,1
"James Ward-Prowse",3,0,0,0,0,8,2,0,0,1,0,1,1,1
"Jay Rodriguez",1,0,0,0,0,0,0,0,0,0,0,1,2,0
"José Fonte",8,0,2,3,1,0,2,1,0,1,0,0,1,5
"Nathan Redmond",1,0,0,2,0,1,0,0,0,1,0,1,4,1
"Oriol Romeu",0,1,0,1,1,2,2,0,0,5,0,2,4,1
"Pierre-Emile Højbjerg",2,0,1,0,0,1,0,0,0,2,0,0,0,0
"Ryan Bertrand",0,2,0,1,0,2,1,1,2,0,0,5,4,3
"Shane Long",1,0,0,1,0,0,0,0,0,0,0,0,0,2
"Sofiane Boufal",1,0,0,1,0,1,0,4,0,6,0,0,2,0
"Steven Davis",3,0,0,2,0,2,4,2,0,2,0,4,0,2
"Virgil van Dijk",6,0,4,0,0,2,1,2,1,2,1,0,1,0
