"David Silva",0,6,2,6,0,0,5,7,0,0,8,1,0,7
"Fernandinho",4,0,7,2,1,0,4,8,3,2,2,4,0,10
"Gabriel Jesus",3,4,0,6,0,0,4,3,1,0,3,0,0,9
"Gaël Clichy",7,1,2,0,0,0,10,2,11,0,6,3,1,19
"Jesús Navas",0,0,0,0,0,2,0,0,0,0,0,0,1,1
"Kelechi Iheanacho",0,0,0,0,1,0,0,0,0,0,0,0,0,1
"Kevin De Bruyne",10,5,3,8,0,0,0,4,3,0,6,3,0,13
"Leroy Sané",6,3,1,5,0,0,3,0,0,0,2,1,0,4
"Nicolás Otamendi",1,5,5,8,0,0,4,0,0,0,1,6,0,22
"Pablo Zabaleta",0,1,0,0,1,0,1,0,0,0,2,1,0,3
"Raheem Sterling",5,4,3,6,1,0,3,0,3,0,0,0,0,8
"Vincent Kompany",3,5,2,1,0,0,6,2,10,0,1,0,2,3
"Willy Caballero",0,0,0,0,0,0,1,0,3,0,0,1,0,0
"Yaya Touré",13,11,4,11,1,0,12,1,13,6,5,14,3,0
