"Abdoulaye Doucouré",0,2,1,4,0,1,2,2,0,2,7,1,0,1
"Craig Cathcart",3,0,1,5,2,0,0,6,3,1,1,4,7,7
"Daryl Janmaat",0,0,0,1,0,0,0,0,0,0,0,0,0,1
"Etienne Capoue",2,7,0,0,1,1,0,5,4,1,6,2,4,6
"Heurelho Gomes",0,0,0,0,0,0,1,0,0,3,0,3,0,2
"Isaac Success",1,0,0,0,0,0,0,0,0,0,1,1,0,0
"José Holebas",2,0,0,2,0,0,0,3,12,10,12,5,1,0
"M'Baye Niang",1,4,0,5,0,0,5,0,0,1,2,2,0,4
"Mauro Zárate",2,2,0,3,1,0,5,3,0,0,9,1,4,0
"Sebastian Prödl",2,3,0,2,0,0,10,1,4,0,1,1,1,8
"Tom Cleverley",4,2,1,7,1,1,12,1,6,4,0,2,3,6
"Troy Deeney",2,1,0,2,0,1,1,1,0,0,1,0,1,0
"Valon Behrami",0,1,0,4,0,0,3,4,0,1,5,0,0,1
"Younes Kaboul",3,11,0,5,4,0,2,3,0,6,2,3,1,0
