"Ashley Williams",0,0,0,3,0,6,0,0,3,6,2,5,4,1
"Enner Valencia",0,0,0,0,0,0,0,0,0,0,0,0,0,0
"Gareth Barry",3,0,0,3,0,0,0,2,2,3,1,3,0,1
"Idrissa Gueye",2,0,7,0,0,0,0,4,3,3,3,5,5,0
"James McCarthy",1,0,0,0,0,0,0,1,1,1,0,2,1,0
"Joel Robles",1,0,0,0,0,0,0,1,0,2,4,0,1,0
"Kevin Mirallas",0,0,0,0,0,0,0,1,2,0,0,1,0,0
"Leighton Baines",0,0,4,5,0,2,2,0,2,13,1,3,0,3
"Morgan Schneiderlin",3,0,3,6,0,0,0,1,0,6,0,3,2,1
"Ramiro Funes Mori",6,0,2,1,0,10,1,8,4,0,2,2,0,1
"Romelu Lukaku",1,0,1,2,1,0,0,0,0,1,0,8,2,2
"Ross Barkley",1,1,1,4,4,1,1,6,4,2,3,0,7,3
"Seamus Coleman",2,0,1,4,1,2,0,1,1,2,5,8,0,1
"Tom Davies",0,0,4,2,0,0,0,5,1,0,0,3,2,0
