"Adam Lallana",0,1,7,0,2,2,6,0,4,8,5,1,3,0
"Daniel Sturridge",0,0,1,0,0,0,0,0,1,0,0,1,1,0
"Dejan Lovren",7,1,0,1,7,11,2,0,15,33,0,19,4,4
"Divock Origi",0,0,1,0,0,0,1,0,2,0,0,0,0,0
"Emre Can",0,0,6,0,0,4,5,0,18,2,4,6,1,0
"Georginio Wijnaldum",2,0,9,0,5,0,8,0,11,4,4,8,1,0
"James Milner",11,1,6,2,4,10,0,0,9,1,13,14,5,3
"Joel Matip",0,0,0,0,0,0,0,0,0,0,0,0,0,0
"Jordan Henderson",6,0,16,1,10,4,15,0,0,15,6,18,3,2
"Nathaniel Clyne",11,2,15,0,9,12,3,0,11,0,1,4,7,4
"Philippe Coutinho",2,0,2,0,4,0,6,0,6,3,0,1,1,0
"Ragnar Klavan",1,0,24,0,10,4,21,1,24,1,2,0,2,0
"Roberto Firmino",3,1,4,1,2,3,4,0,5,3,0,3,0,0
"Simon Mignolet",0,0,4,0,0,0,1,0,0,1,0,8,2,0
