"Andre Gray",0,0,0,1,0,0,0,0,1,2,0,0,1,0
"Ashley Barnes",0,0,1,1,0,0,1,0,0,0,0,1,0,0
"Ben Mee",0,1,0,0,0,0,1,2,1,5,1,4,1,0
"Dean Marney",1,1,1,0,1,0,1,0,5,2,0,1,3,0
"George Boyd",1,0,0,1,0,1,0,0,4,1,0,0,1,0
"James Tarkowski",0,0,1,0,0,0,0,1,2,1,0,0,0,0
"Jeff Hendrick",0,0,0,4,0,0,0,0,0,1,0,3,2,0
"Joey Barton",0,0,2,0,1,1,0,0,1,0,0,2,0,0
"Matthew Lowton",1,0,1,3,1,0,2,0,0,4,1,1,0,1
"Michael Keane",0,0,2,1,1,2,1,0,4,0,2,2,1,1
"Sam Vokes",0,0,0,0,0,0,0,0,0,0,0,2,0,0
"Stephen Ward",2,0,4,2,0,0,4,3,0,0,0,0,0,0
"Steven Defour",2,1,1,3,0,0,0,0,1,0,0,4,0,0
"Tom Heaton",0,1,1,0,0,0,0,0,0,0,0,0,0,0
