"Aaron Ramsey",0,2,0,0,0,3,2,2,2,2,4,2,0,1
"Ainsley Maitland-Niles",0,0,0,0,0,0,0,0,0,0,0,1,1,1
"Alex Iwobi",0,0,0,2,4,2,0,7,0,7,12,0,1,1
"Alex Oxlade-Chamberlain",0,0,4,0,0,3,5,2,0,2,4,0,0,5
"Alexis Sánchez",0,0,3,3,0,2,2,2,3,4,1,1,0,0
"Francis Coquelin",2,0,6,1,3,0,6,5,4,6,12,0,0,3
"Héctor Bellerín",1,0,1,6,2,5,0,1,1,4,9,1,1,6
"Kieran Gibbs",2,0,15,0,4,4,1,0,11,4,8,0,0,0
"Laurent Koscielny",4,0,2,2,2,5,1,5,0,0,8,1,1,13
"Mesut Özil",1,0,5,3,5,3,4,3,6,0,8,0,0,1
"Mohamed Elneny",5,0,3,4,4,13,7,13,12,9,0,1,1,14
"Olivier Giroud",1,0,0,0,2,0,1,1,0,1,0,0,0,0
"Petr Cech",0,0,0,0,0,1,1,0,3,0,0,0,0,4
"Shkodran Mustafi",2,0,1,4,2,5,8,1,4,3,16,1,5,0
