"César Azpilicueta",0,2,8,3,6,0,0,12,3,4,0,3,3,9
"Cesc Fàbregas",0,0,1,0,1,0,1,2,1,2,3,1,0,1
"David Luiz",14,0,0,2,13,0,4,5,8,0,0,7,2,1
"Diego Costa",0,0,2,0,0,0,0,7,0,1,0,0,1,5
"Gary Cahill",11,0,13,0,0,0,5,2,8,3,0,4,0,3
"Kurt Zouma",1,0,0,0,0,0,0,1,0,0,0,0,0,0
"Marcos Alonso",0,2,2,2,7,0,0,4,6,5,0,0,1,1
"N'Golo Kanté",9,4,4,3,5,0,5,0,4,5,0,0,2,10
"Nemanja Matic",2,3,5,2,3,0,4,5,0,7,0,0,2,4
"Pedro",4,0,0,1,3,1,3,5,2,0,3,0,2,2
"Ruben Loftus-Cheek",0,3,0,0,0,0,0,0,0,1,0,0,0,0
"Thibaut Courtois",4,0,5,0,2,1,2,0,1,0,0,0,0,0
"Victor Moses",5,0,3,3,3,0,0,4,1,1,0,1,0,1
"Willian",2,0,2,1,2,0,1,7,2,2,0,0,6,0
