"Aaron Ramsey",0,3,1,3,0,9,8,2,0,10,5,1,1,11
"Alex Iwobi",2,0,4,2,0,4,5,0,0,8,0,0,1,1
"Alex Oxlade-Chamberlain",1,0,0,1,1,2,1,0,0,3,0,0,0,1
"Alexis Sánchez",5,2,1,0,0,2,3,1,0,5,2,2,0,2
"Danny Welbeck",1,0,0,0,0,1,1,0,1,0,0,0,0,0
"Gabriel",11,2,3,0,0,0,8,2,1,5,0,0,1,12
"Granit Xhaka",6,5,2,7,1,6,0,13,0,7,13,0,0,8
"Laurent Koscielny",5,0,0,1,0,0,4,0,0,2,17,1,6,12
"Lucas Pérez",0,0,1,0,0,0,0,0,0,0,0,0,0,0
"Mesut Özil",14,9,0,12,0,4,6,2,0,0,4,5,0,3
"Nacho Monreal",7,1,0,12,1,0,11,6,0,5,0,5,1,2
"Olivier Giroud",1,2,0,3,0,0,2,2,0,5,3,0,0,0
"Petr Cech",0,1,0,0,0,0,3,3,0,2,1,2,0,3
"Shkodran Mustafi",7,5,1,0,0,9,11,9,0,6,0,2,7,0
