"Bruno Martins Indi",0,4,3,1,6,3,1,0,1,0,0,4,0,0
"Erik Pieters",6,0,1,0,2,1,1,3,6,1,2,0,0,1
"Geoff Cameron",2,2,0,5,3,0,1,0,0,0,3,2,1,3
"Glen Johnson",1,0,3,0,2,2,0,1,1,0,0,1,2,3
"Glenn Whelan",2,2,4,4,0,3,0,0,0,0,0,2,0,4
"Jack Butland",0,0,0,1,2,0,0,2,0,2,0,0,0,1
"Joe Allen",1,3,0,0,5,0,0,0,3,0,0,0,0,1
"Mame Biram Diouf",1,3,0,0,0,0,2,0,1,0,0,0,0,1
"Marko Arnautovic",2,1,3,0,1,0,1,0,0,0,0,1,0,0
"Peter Crouch",0,0,1,0,0,0,0,0,0,0,0,0,2,0
"Ramadan Sobhi",0,3,2,1,1,0,0,0,0,0,0,0,0,1
"Ryan Shawcross",2,0,0,0,2,1,1,1,1,1,0,0,0,0
"Saido Berahino",0,0,0,1,0,0,0,0,0,0,0,0,0,2
"Xherdan Shaqiri",0,0,4,7,1,0,0,0,1,0,1,1,0,0
