"André Ayew",0,2,2,0,0,0,2,0,2,3,0,3,1,1
"Arthur Masuaku",2,0,3,0,0,4,2,1,11,3,1,0,0,0
"Cheikhou Kouyaté",0,3,0,0,0,1,2,2,3,5,0,0,0,0
"Darren Randolph",0,0,1,0,0,1,0,0,1,0,0,0,0,0
"Edimilson Fernandes",0,0,0,0,0,0,0,0,1,1,0,0,0,0
"James Collins",0,3,1,2,0,0,0,3,5,3,0,0,1,0
"Jonathan Calleri",0,0,1,0,0,0,0,1,1,2,0,0,1,0
"José Fonte",0,0,1,4,0,6,0,0,2,3,0,0,3,0
"Manuel Lanzini",5,10,3,0,1,1,0,2,0,9,4,1,3,2
"Mark Noble",6,7,1,2,0,4,2,4,7,0,0,2,6,0
"Michail Antonio",1,0,0,0,0,0,0,0,2,1,0,0,0,0
"Robert Snodgrass",2,1,0,0,0,0,1,1,0,3,0,0,6,0
"Sam Byram",4,0,0,0,0,0,0,5,4,5,1,4,0,2
"Sofiane Feghouli",0,1,0,0,0,1,0,0,1,0,0,0,2,0
