"Ashley Williams",0,0,1,1,4,7,6,3,1,1,0,2,3,3
"Dominic Calvert-Lewin",0,0,0,0,2,0,2,1,0,0,1,0,0,3
"Enner Valencia",0,0,0,1,3,0,0,0,0,0,1,0,0,0
"Gareth Barry",2,1,2,0,6,0,4,0,1,2,1,5,0,3
"Idrissa Gueye",6,0,3,8,0,0,4,10,5,1,1,13,10,1
"Joel Robles",0,0,0,0,0,0,0,3,2,0,1,1,1,0
"Leighton Baines",4,4,0,4,4,0,0,4,3,0,2,10,0,9
"Morgan Schneiderlin",6,2,0,0,11,0,3,0,1,0,0,3,2,2
"Phil Jagielka",4,1,0,0,2,4,3,2,0,0,1,2,5,0
"Ramiro Funes Mori",1,0,0,1,0,1,1,0,0,0,1,1,0,0
"Romelu Lukaku",0,1,0,2,0,1,1,0,1,0,0,3,1,3
"Ross Barkley",1,0,0,8,9,0,4,3,1,3,4,0,2,2
"Seamus Coleman",4,0,0,3,12,0,0,1,4,0,0,5,0,3
"Tom Davies",0,0,0,6,4,0,6,3,0,0,2,1,1,0
