"Christian Eriksen",0,8,3,1,0,5,2,1,5,2,4,0,1
"Danny Rose",2,0,0,0,0,6,5,0,1,2,5,3,1
"Eric Dier",1,0,0,0,4,1,16,0,9,2,1,7,0
"Harry Kane",2,0,0,0,0,1,1,0,2,0,2,1,0
"Hugo Lloris",0,2,2,1,0,5,5,0,2,0,0,1,0
"Jan Vertonghen",4,6,4,2,5,0,12,0,0,3,3,7,1
"Kevin Wimmer",2,0,12,0,5,9,0,0,0,5,0,7,0
"Kieran Trippier",2,0,0,0,0,0,0,0,0,0,0,1,0
"Kyle Walker",5,0,10,4,0,1,0,0,0,2,1,3,1
"Mousa Dembélé",6,2,4,2,0,6,2,0,3,0,3,9,0
"Son Heung-Min",4,1,3,1,0,1,1,0,2,3,0,3,0
"Victor Wanyama",10,3,7,3,3,8,0,2,2,9,2,0,2
"Vincent Janssen",2,2,0,0,0,0,0,0,0,0,1,1,0
